#Prov. Des.     q       Q      H     Epoch      M    Peri. Node   Incl.  e      a    
2006 AO98   36.752  49.736   8.4   20060105  360.0    2.8 125.9  22.5 0.150  43.244 
2006 AN98   42.820  45.447   8.2   20060105  360.0   26.1 102.2   2.5 0.030  44.133 
2006 AM98   39.432  48.110   7.7   20060105  360.0  179.4 308.4  19.0 0.099  43.771 
2006 AL98   38.046  48.564   9.0   20060105  360.0    2.2 125.6  13.7 0.121  43.305 
2006 AK98   42.029  46.375   8.4   20060105  360.0    1.7 126.0  17.7 0.049  44.202 
2005 XN113  42.502  44.299   5.9   20051216    0.0   73.6 335.4   3.4 0.021  43.401 
2005 VA123  33.444  45.593   6.8   20051126    0.1   24.7  39.0   1.5 0.154  39.519 
2005 VZ122  34.348  44.581   7.5   20051126    0.1  200.2 222.4  12.3 0.130  39.465 
2005 TO74   27.482  32.925   8.4   20051106  268.6  299.8 169.4   5.2 0.090  30.203 
2005 PU21   41.900  46.656   6.2   20050907  181.6  332.5 188.7   7.0 0.054  44.278 
2005 PS21   44.916  44.916   6.5   20050907    0.1  147.6 188.9   2.6 0.0    44.916 
2005 PR21   40.729  46.998   5.9   20050927    0.2  356.4 339.1   1.3 0.071  43.863 
2005 PP21   41.463  49.542   6.5   20050729  360.0  211.8 132.7   1.6 0.089  45.502 
2005 PO21   43.291  43.291   6.9   20050729    0.0  287.8  55.8   2.6 0.0    43.291 
2005 PN21   45.739  45.739   6.3   20050729    0.0  311.7  31.7   2.7 0.0    45.739 
2005 PM21   37.781  49.575   6.6   20050729  360.0  349.7 350.8  28.5 0.135  43.678 
2005 PL21   42.993  46.603   6.2   20050729  360.0  271.8  45.6   4.7 0.040  44.798 
2005 PK21   40.518  48.139   7.0   20050729  360.0   11.8 289.3   4.1 0.086  44.329 
2005 JR179  45.488  45.488   5.9   20050510    0.0   41.3  69.7   3.9 0.0    45.488 
2005 JQ179  43.784  43.784   6.4   20050510    0.0   29.3  80.8   2.6 0.0    43.784 
2005 JP179  42.139  44.699   5.8   20050619    0.1   72.8 137.3   2.1 0.029  43.419 
2005 JO179  41.518  45.747   6.7   20050510  360.0   68.2 137.5   2.2 0.048  43.633 
2005 JH177  40.934  47.070   6.8   20050510  360.0   91.7 116.2   3.3 0.070  44.002 
2005 JA175  38.617  46.839   5.7   20050619  200.8  157.7 225.1  14.2 0.096  42.728 
2005 JZ174  35.142  54.864   6.3   20050619  297.0  238.8  59.4   6.5 0.219  45.003 
2005 GW210  28.947  50.409   7.5   20050510   53.6   88.8  37.7  24.7 0.270  39.678 
2005 GV210  27.193  62.836   6.7   20050510   54.4  272.7 174.8  12.1 0.396  45.015 
2005 GZ206  39.748  49.747   7.2   20050331  360.0  159.0  41.1  26.8 0.112  44.747 
2005 GY206  34.785  44.641   7.7   20050331  360.0   23.9 155.5  19.5 0.124  39.713 
2005 GX206  37.207  42.038   6.9   20050331  360.0   49.8 128.7   9.7 0.061  39.622 
2005 GF187  29.402  50.163   7.5   20050530  334.9  134.6 128.8   3.9 0.261  39.782 
2005 GE187  26.898  52.303   6.7   20050420  322.3   83.6 205.3  18.2 0.321  39.600 
2005 GD187  44.555  44.555   6.9   20050510    0.1  156.8 353.1   0.7 0.0    44.555 
2005 GC187  38.583  50.553   6.9   20050530  351.1  222.0   2.0   2.4 0.134  44.568 
2005 GB187  30.018  49.571   6.7   20050530    7.8  341.6 217.1  14.7 0.246  39.795 
2005 GA187  32.193  45.377   7.5   20050530  279.1  284.8  27.7  18.7 0.170  38.785 
2005 GZ186  38.183  49.477   7.0   20050331  360.0  154.0  36.0   7.5 0.129  43.830 
2005 GY186  38.302  47.850   7.4   20050331  360.0  182.4   5.0  12.5 0.111  43.076 
2005 GX186  43.493  43.493   7.2   20050331    0.0   14.1 158.1   3.6 0.0    43.493 
2005 GW186  36.893  49.533   6.8   20050331  360.0  349.5 157.8   3.0 0.146  43.213 
2005 FY9    38.624  52.794  -0.4   20060306  147.1  296.4  79.6  29.0 0.155  45.709 
2005 EX318  32.490  46.732   7.0   20050219  359.9   83.4  94.2   6.5 0.180  39.611 
2005 EW318  46.604  46.604   6.4   20050420    0.2   25.2 128.8   1.1 0.0    46.604 
2005 ER318  31.360  42.121   7.8   20050311  360.0  174.5 333.6  10.3 0.146  36.740 
2005 EC318  44.222  44.222   6.3   20050420    0.1   43.4 109.6   2.5 0.0    44.222 
2005 EB318  44.522  44.522   6.8   20050510    0.3   37.3 166.7   4.5 0.0    44.522 
2005 EH305  40.121  47.991   6.4   20050311  180.2  177.1 190.3   7.5 0.089  44.056 
2005 EO304  41.719  48.674   6.3   20050420   61.1   27.3  94.0   3.4 0.077  45.197 
2005 EM303  41.067  46.930   7.7   20050420  298.1  153.4 113.3   5.6 0.067  43.999 
2005 EO302  38.396  53.052   6.2   20050510  305.1  269.5   0.4   5.8 0.160  45.724 
2005 EN302  42.692  47.473   6.9   20050510  187.5  317.5  47.9   3.0 0.053  45.083 
2005 EZ300  30.416  48.768   7.2   20060306  310.2  250.8 357.1  10.3 0.232  39.592 
2005 EJ300  43.123  43.123   8.0   20050311    0.0  356.0 166.4  21.7 0.0    43.123 
2005 ED300  40.350  47.495   7.2   20050311  179.5   13.2 329.6   1.8 0.081  43.923 
2005 EK298  34.357  44.746   7.5   20050311   71.8  275.5 149.2  40.2 0.131  39.552 
2005 EF298  37.001  52.981   6.1   20050420   51.7  322.0 118.1   2.9 0.178  44.991 
2005 EX297  45.104  45.104   6.4   20050311    0.0  116.0  30.4   4.7 0.0    45.104 
2005 EO297  43.848  43.848   7.1   20050311    0.0    2.4 144.7  31.8 0.0    43.848 
2005 EZ296  33.569  45.872   6.7   20060306  321.2  210.8  24.4   1.8 0.155  39.720 
2005 EP296  46.832  46.832   7.2   20050420    0.2   17.9 138.7   3.3 0.0    46.832 
2005 EO296  41.159  49.056   6.5   20050219  180.9  349.6 337.1   0.6 0.088  45.107 
2005 EE296  45.847  45.847   6.5   20050311    0.1  154.5 343.4   3.1 0.0    45.847 
2004 XZ186  25.958  53.338  10.0   20041201  307.2  276.5 222.5  11.1 0.345  39.648 
2004 XY186  34.103  44.842   9.8   20041201  360.0  356.1  21.0  21.2 0.136  39.473 
2004 XX186  46.906  46.906   8.6   20041201    0.0  282.6  93.4   1.7 0.0    46.906 
2004 XW186  43.580  47.734   8.7   20041201  360.0  288.5  75.2   0.6 0.045  45.657 
2004 VN78   32.269  46.439   8.0   20041111  360.0   97.2 320.8   3.1 0.180  39.354 
2004 VM78   44.359  44.359   6.9   20041111    0.0  178.4 238.6  32.0 0.0    44.359 
2004 VL78   30.140  48.414   8.2   20041111  360.0  183.1 225.4  19.1 0.233  39.277 
2004 VK78   33.061  45.828   7.6   20041111  360.0  334.7  66.4   1.5 0.162  39.444 
2004 VA76   43.946  43.946   6.8   20041022    0.0  309.7 123.1   1.1 0.0    43.946 
2004 VZ75   41.284  46.063   6.9   20041022  359.9  254.2 166.5   4.4 0.055  43.673 
2004 VY75   41.981  49.083   6.9   20041022  180.0    1.6 226.6  13.0 0.078  45.532 
2004 VX75   38.519  49.175   7.1   20041022  359.9    8.9  38.2  21.1 0.122  43.847 
2004 VW75   30.348  48.298   8.7   20041022  359.9    8.4  35.3  23.3 0.228  39.323 
2004 VV75   28.326  51.015   8.7   20041111    0.0   14.8  21.1   9.9 0.286  39.671 
2004 VU75   41.643  46.978   6.6   20041111    0.0  325.3  54.8   3.2 0.060  44.311 
2004 VT75   29.840  50.142   5.9   20060306   57.9  270.0  26.6  12.9 0.254  39.991 
2004 VS75   42.146  44.800   7.0   20041111    0.0  355.4  23.5   7.4 0.031  43.473 
2004 UW10   29.626  49.280  10.5   20041111    0.1  342.0  35.3   4.6 0.249  39.453 
2004 UU10   45.949  45.949   8.8   20041111    0.1  211.8 158.6   2.3 0.0    45.949 
2004 UT10   34.553  61.146   7.0   20041111  180.0    5.5 184.8  15.4 0.278  47.850 
2004 US10   30.579  48.650   9.3   20060306  347.2   16.4  14.1  10.3 0.228  39.615 
2004 UF10   34.334  44.484   7.8   20041022    0.0   83.5 326.3   5.3 0.129  39.409 
2004 UE10   34.936  43.954   7.7   20041022    0.0    1.4  46.8  18.7 0.114  39.445 
2004 UD10   40.933  44.446   6.6   20060306  145.1  207.4  54.7   3.5 0.041  42.689 
2004 TB358  40.550  47.072   7.1   20041022    0.0   65.0 335.0   1.8 0.074  43.811 
2004 TX357  29.059  49.964   8.1   20041111    0.1   11.3  35.9  15.6 0.265  39.512 
2004 TW357  32.030  47.000   7.8   20041022    0.0    8.5  43.1  32.0 0.189  39.515 
2004 TV357  34.580  60.155   6.5   20060306  335.9  201.0 250.2   9.8 0.270  47.367 
2004 TU357  28.695  50.376   8.3   20041022    0.0   28.2  15.1   7.2 0.274  39.535 
2004 TT357  32.393  46.381   7.7   20041022    0.0  171.5 228.6  10.3 0.178  39.387 
2004 TE282  31.568  47.808   8.2   20041022    0.0    5.6  45.2  18.5 0.205  39.688 
2004 SC60   35.320  43.599   7.3   20040912  360.0  357.4 356.5   1.9 0.105  39.460 
2004 PF112  41.031  48.819   6.7   20040823  180.0   81.0  35.9   2.3 0.087  44.925 
2004 PE112  45.903  45.903   6.7   20040823    0.0  293.4  53.3   3.6 0.0    45.903 
2004 PC112  42.495  46.201   6.7   20040823    0.0  277.3  69.5   2.4 0.042  44.348 
2004 PA112  34.719  42.958   7.1   20060306  323.8  227.6 159.6  33.0 0.106  38.838 
2004 PZ111  38.209  49.033   7.1   20040823    0.0  262.2  55.0   5.1 0.124  43.621 
2004 PY111  40.614  48.056   6.6   20040823    0.0  192.0 124.8  10.3 0.084  44.335 
2004 PB108  40.343  49.456   6.3   20060306  292.9  274.1 147.4  20.2 0.101  44.900 
2004 PA108  42.025  45.150   6.2   20040823    0.0  205.9 136.3   1.1 0.036  43.588 
2004 PZ107  36.463  55.998   7.4   20060306  330.3   50.0 297.3  10.9 0.211  46.231 
2004 PY107  39.921  48.541   6.1   20060306   40.4  170.3  81.4   1.6 0.097  44.231 
2004 PX107  36.447  53.891   6.9   20060306  306.7  307.4  65.2   3.0 0.193  45.169 
2004 PW107  37.916  49.319   6.3   20060306  332.8  186.1 198.1   2.8 0.131  43.618 
2004 PV107  39.019  50.462   5.9   20040803  181.3  184.1 342.2  32.0 0.128  44.740 
2004 PU107  43.513  46.482   6.7   20040823  181.3  111.7  23.3   5.0 0.033  44.997 
2004 PT107  38.249  42.826   5.6   20060306  341.7   16.8 320.9  26.1 0.056  40.538 
2004 PS107  36.555  59.041   7.6   20060306   17.6  155.7 140.1  24.5 0.235  47.798 
2004 PR107  38.981  52.519   4.6   20040803  180.0  355.6  38.1  19.4 0.148  45.750 
2004 OL14   33.903  63.849   8.1   20060306  357.4  183.3 123.4  21.2 0.306  48.876 
2004 OK14   33.119  54.602   7.6   20060306  325.3  207.3 149.0   3.5 0.245  43.860 
2004 OL12   43.632  43.632   6.1   20040803    0.1  249.9  39.2   2.8 0.0    43.632 
2004 FU148  30.552  49.199   6.6   20060306  316.9   80.8 197.9  16.6 0.234  39.876 
2004 EJ96   30.124  49.607   8.1   20060306  322.6  231.3  18.7   9.3 0.244  39.865 
2004 EH96   28.425  51.120   7.9   20040515    7.1  301.9 226.2   3.1 0.285  39.773 
2004 EV95   40.684  49.307   7.5   20040405    0.1   12.3 190.8  11.0 0.096  44.996 
2004 EU95   42.264  46.644   6.8   20060306  356.5  143.7  65.7   2.8 0.049  44.454 
2004 ET95   42.104  45.467   7.3   20040316    0.0  107.9  84.3   1.7 0.038  43.785 
2004 ES95   41.144  48.878   6.9   20060306  355.1  163.0  37.4   3.5 0.086  45.011 
2004 ER95   37.403  51.556   6.3   20040405  180.5  237.8 129.5   2.7 0.159  44.480 
2004 EQ95   41.947  47.367   7.4   20040316    0.0   38.8 122.5   5.5 0.061  44.657 
2004 EP95   43.409  43.409   6.9   20040405    0.1   31.7 172.0  10.2 0.0    43.409 
2004 EO95   41.973  45.519   6.1   20040225  359.9  136.3  44.2   3.2 0.041  43.746 
2004 DG77   38.424  49.486   7.3   20060306  259.3  294.6 352.8  47.6 0.126  43.955 
2004 DF77   43.386  43.386   7.7   20040225    0.0  174.5 354.5  43.8 0.0    43.386 
2004 DM71   42.186  44.471   7.2   20060306  120.0  305.4 105.6   2.3 0.026  43.329 
2004 DL71   44.244  44.244   7.1   20040225    0.0   78.0  92.7   2.2 0.0    44.244 
2004 DK71   40.364  48.274   7.3   20040225  360.0   53.2 116.9   5.9 0.089  44.319 
2004 DN64   42.139  45.495   7.6   20040225  360.0  115.2  67.5   2.0 0.038  43.817 
2004 DM64   41.595  47.174   6.5   20040425    0.2  150.2  30.2   3.7 0.063  44.384 
2004 DL64   42.668  48.038   7.0   20040225  360.0  220.6 309.1   1.0 0.059  45.353 
2004 DK64   39.261  48.040   7.4   20040225  360.0    7.5 162.3  18.6 0.101  43.650 
2004 DJ64   39.264  50.400   7.2   20060306  306.4  133.0 103.2   2.4 0.124  44.832 
2004 DH64   41.739  51.814   5.9   20060306  235.6  139.2 134.7   3.5 0.108  46.777 
2004 DG64   42.054  44.001   7.7   20040225  360.0  135.0  32.6   3.1 0.023  43.027 
2003 WA191  30.071  48.303   9.9   20060306   11.8  226.5 179.3   4.5 0.233  39.187 
2003 WW188  40.865  47.642   7.4   20031117  360.0   90.2 357.2   5.1 0.077  44.253 
2003 WV188  45.920  45.920   7.1   20031117    0.0  340.9  72.7   8.3 0.0    45.920 
2003 WU188  42.550  45.595   5.8   20060306   50.0  317.4  84.1   3.8 0.035  44.072 
2003 WS188  30.000  48.656   9.0   20031117  360.0  103.0 340.7   5.8 0.237  39.328 
2003 WQ188  46.338  46.338   5.9   20031227    0.1   52.4  43.0   5.9 0.0    46.338 
2003 WS184  41.789  46.236   7.4   20031117  360.0  305.9 118.0   2.6 0.051  44.012 
2003 WU172  29.124  49.131   6.4   20060306  336.8  101.1  10.5   4.1 0.256  39.128 
2003 UK293  41.288  46.551   6.7   20031028    0.0  222.7 171.1   3.0 0.060  43.920 
2003 UZ292  37.237  49.064   7.7   20031028    0.0  347.2  61.6  22.2 0.137  43.150 
2003 UX292  38.592  49.534   6.6   20031028    0.0  347.2  46.2  10.5 0.124  44.063 
2003 UV292  30.832  47.577   7.1   20060306   44.8  121.4 235.7  11.0 0.214  39.204 
2003 UU292  34.257  44.657   8.2   20031028    0.0  192.6 219.0  16.6 0.132  39.457 
2003 UT292  27.651  50.624   7.0   20060306  331.0  256.2 211.0  17.6 0.293  39.138 
2003 US292  31.510  52.403   8.7   20060306    2.7  346.6  29.2   7.7 0.249  41.956 
2003 UQ292  34.621  44.407   7.0   20031028    0.0  296.5  96.7   3.1 0.124  39.514 
2003 UP292  28.722  49.829   6.8   20031028    0.0    6.3  27.6  13.9 0.269  39.276 
2003 UO292  31.983  46.792   7.4   20031028    0.0  345.1  63.3   5.0 0.188  39.387 
2003 UN292  40.166  49.258   7.0   20060306  328.7   72.1  23.7   0.9 0.102  44.712 
2003 UM292  37.426  54.724   7.0   20031028    0.0  188.9 223.5  18.4 0.188  46.075 
2003 UL292  41.537  48.267   7.3   20031028    0.0  288.5 120.7   3.9 0.075  44.902 
2003 UK292  38.483  47.939   7.2   20031028  180.0  165.6  62.9  13.0 0.109  43.211 
2003 UJ292  40.976  46.583   6.1   20031028    0.0  182.8 194.9  12.3 0.064  43.779 
2003 UH292  40.951  46.911   7.7   20031028    0.0  199.9 173.8   7.4 0.068  43.931 
2003 UG292  39.080  49.145   7.1   20031028    0.0  328.1  88.6   7.0 0.114  44.113 
2003 UF292  39.103  50.462   7.3   20031028    0.0  354.1  58.6  30.9 0.127  44.783 
2003 UE292  37.608  49.331   6.7   20031028    0.0  169.8 242.4  18.5 0.135  43.469 
2003 UD292  40.930  51.066   6.6   20031028    0.0  207.5 202.7   7.7 0.110  45.998 
2003 UC292  41.195  49.051   6.9   20031028    0.0  351.9  42.7   3.9 0.087  45.123 
2003 UB292  44.117  49.690   5.7   20060306  173.5  195.0  28.2  19.3 0.059  46.904 
2003 UA292  39.780  53.755   6.1   20031028  179.8    5.6 232.2  11.2 0.149  46.767 
2003 UZ291  39.081  50.820   6.5   20060306  247.8  319.2 225.9   5.3 0.131  44.951 
2003 UY291  41.237  56.796   7.3   20060306   33.6   16.1 358.3   3.5 0.159  49.017 
2003 UX291  46.500  46.500   7.0   20031028    0.0  202.0 212.5  10.6 0.0    46.500 
2003 UW291  44.614  44.614   6.3   20031028    0.0  347.4  46.2  11.7 0.0    44.614 
2003 UV291  44.259  44.259   7.1   20031028    0.0  168.6 226.3   2.1 0.0    44.259 
2003 UU291  44.161  44.161   7.1   20031028    0.0  201.1 181.1   3.4 0.0    44.161 
2003 UT291  39.896  45.353   6.4   20060306  154.7  201.4  51.1   1.6 0.064  42.625 
2003 US291  44.922  44.922   7.1   20031028    0.0  181.1 223.5  23.5 0.0    44.922 
2003 UN284  42.094  42.841   7.4   20060306   94.0  286.1  36.1   3.1 0.009  42.467 
2003 UZ117  38.361  49.748   5.2   20060306  326.1  246.9 204.7  27.5 0.129  44.054 
2003 QF113  42.550  45.051   6.6   20060306   10.0  195.2 114.1   4.5 0.029  43.800 
2003 QE112  41.002  44.939   6.5   20060306  203.1   35.6  94.3   4.2 0.046  42.970 
2003 QB112  39.734  47.215   6.9   20030918    0.1  344.7  13.6  11.4 0.086  43.474 
2003 QA112  36.908  48.388   5.8   20031008  137.2  194.8   0.7  16.0 0.135  42.648 
2003 QZ111  40.332  45.457   6.8   20060306   13.8    3.8 326.0   2.7 0.060  42.895 
2003 QY111  41.616  44.711   6.6   20060306   47.3  212.9  95.9   2.9 0.036  43.164 
2003 QX111  33.579  45.060   6.3   20060306   85.0  100.3 157.5   9.5 0.146  39.320 
2003 QW111  38.815  48.368   6.1   20060306  261.6   21.9  68.6   2.7 0.110  43.591 
2003 QB92   31.533  38.123   7.1   20060306  140.1   63.0 120.1   3.5 0.095  34.828 
2003 QA92   36.215  40.023   6.2   20060306  286.6  297.3 109.8   3.4 0.050  38.119 
2003 QX91   33.523  45.239   7.6   20030918    0.1  351.8 351.4  29.5 0.149  39.381 
2003 QW91   28.709  50.212   9.1   20030809  359.9  346.2 359.2   5.2 0.272  39.460 
2003 QV91   25.676  53.303   7.5   20030918  298.1   99.2 347.1  32.9 0.350  39.489 
2003 QU91   37.557  49.710   7.0   20030918    0.1    3.7 351.1  25.6 0.139  43.634 
2003 QT91   40.261  47.926   6.7   20060306   33.6  165.7 145.6   0.2 0.087  44.093 
2003 QS91   39.656  52.416   7.4   20060306  342.8  161.6 195.8   3.8 0.139  46.036 
2003 QR91   37.876  55.384   6.2   20060306   22.7   10.2 273.2   3.5 0.188  46.630 
2003 QQ91   35.856  41.428   7.5   20060306  263.8   48.4  58.2   5.4 0.072  38.642 
2003 QP91   37.508  49.478   6.4   20030918    0.1  319.0  30.8   6.0 0.138  43.493 
2003 QO91   39.517  49.060   6.6   20030918    0.1  197.5 141.3   7.2 0.108  44.289 
2003 QN91   37.854  47.044   7.2   20060306   16.4  301.4  18.8   4.3 0.108  42.449 
2003 QM91   41.156  49.339   5.3   20030918    0.1  343.4   8.6   2.9 0.090  45.247 
2003 QL91   42.610  43.282   6.7   20060306  322.9  207.6 164.6   1.5 0.008  42.946 
2003 QJ91   42.051  44.962   6.3   20030829  179.9   52.2  84.5   2.5 0.033  43.506 
2003 QH91   33.567  45.143   6.9   20060306  110.0  265.5 286.7   3.7 0.147  39.355 
2003 QG91   41.899  45.863   7.0   20030918    0.1  275.8  34.4   2.2 0.045  43.881 
2003 QF91   41.198  44.499   7.2   20060306   54.5  228.5  60.1   2.2 0.039  42.849 
2003 QE91   41.015  47.610   7.2   20030918    0.1  319.9  15.3   3.4 0.074  44.313 
2003 QD91   41.757  44.559   6.8   20060306   33.7  221.9  80.7   2.2 0.032  43.158 
2003 QC91   43.453  43.453   7.0   20030918    0.1  359.3 336.8   2.6 0.0    43.453 
2003 QB91   31.401  46.865   6.2   20060306  131.4   80.3 136.8   6.5 0.198  39.133 
2003 QA91   41.657  46.880   5.3   20060306  254.7  335.7 104.6   2.4 0.059  44.269 
2003 QZ90   43.577  43.577   6.7   20030809    0.0  161.1 151.0   6.4 0.0    43.577 
2003 QY90   40.403  44.972   6.3   20060306  180.5   42.7 104.1   3.8 0.054  42.687 
2003 QX90   42.663  44.831   6.8   20060306  149.6  105.7  61.2   3.2 0.025  43.747 
2003 QW90   40.222  47.019   4.4   20060306  263.3   89.5  17.7  10.4 0.078  43.621 
2003 QV90   41.697  45.639   6.9   20060306  270.0  312.3 138.1   2.4 0.045  43.668 
2003 QU90   43.029  43.740   7.2   20030918    0.1  102.5 229.1   1.8 0.008  43.384 
2003 QT90   45.806  45.806   6.3   20030918    0.1  204.9 140.9   2.4 0.0    45.806 
2003 MW12   39.733  51.947   3.8   20060306  254.1  183.5 184.0  21.5 0.133  45.840 
2003 LD9    39.005  56.176   6.9   20060306   32.4  329.6 237.4   7.0 0.180  47.591 
2003 LF7    34.464  44.467   7.9   20030610    0.0  218.5  21.5   3.2 0.127  39.466 
2003 LE7    31.227  47.445   7.6   20030521  360.0    1.0 231.3  19.4 0.206  39.336 
2003 LD7    41.146  44.655   6.9   20030610    0.0  125.8 122.8   2.3 0.041  42.900 
2003 LC7    39.867  50.413   6.2   20030610  178.4  349.8  79.9   4.8 0.117  45.140 
2003 LB7    39.487  52.447   6.2   20060306   24.7  154.0  49.6   2.3 0.141  45.967 
2003 LA7    46.563  46.563   6.2   20030610    0.1  202.6  36.1   6.1 0.0    46.563 
2003 LZ6    43.477  43.477   6.5   20030521    0.0  176.6  55.0   6.8 0.0    43.477 
2003 KP20   39.488  50.207   7.2   20030610    0.0   35.2 217.7   1.9 0.120  44.847 
2003 KO20   39.488  51.838   6.3   20060306  279.7   84.4 228.7   1.8 0.135  45.663 
2003 GH55   40.576  48.374   5.7   20060306   15.8   80.6 116.4   1.1 0.088  44.475 
2003 GF55   43.263  48.483   6.5   20060306  103.5  297.4 163.4   5.9 0.057  45.873 
2003 GM53   42.183  46.725   6.9   20030411    0.0  199.3   2.9   6.5 0.051  44.454 
2003 FM129  39.661  50.814   6.5   20030322  360.0    1.5 209.7  18.7 0.123  45.237 
2003 FF128  31.038  48.650   6.8   20060306  332.4  169.6  91.7   1.9 0.221  39.844 
2003 FE128  35.882  60.801   5.9   20060306  356.7   52.6 169.2   3.4 0.258  48.342 
2003 FD128  32.414  46.386   7.0   20030501   65.2  292.1 149.0   5.3 0.177  39.400 
2003 FC128  32.036  38.218   7.0   20060306   41.3   41.1  78.5   2.4 0.088  35.127 
2003 FB128  29.450  50.295   6.9   20060306   36.4  306.1 209.5   8.9 0.261  39.872 
2003 FM127  43.304  43.304   6.7   20030501    0.1  159.9  52.3   4.3 0.0    43.304 
2003 FL127  30.322  48.515   6.4   20060306  144.2   56.4 314.2   3.5 0.231  39.419 
2003 FK127  40.502  45.164   7.2   20060306  335.1  115.1  84.3   2.3 0.054  42.833 
2003 FJ127  34.165  54.700   7.1   20060306  304.3   89.8 162.2  22.8 0.231  44.433 
2003 FH127  41.130  48.504   6.8   20030322  360.0   45.0 121.0   0.3 0.082  44.817 
2003 EL61   35.142  51.533   0.1   20060306  199.0  239.3 121.9  28.2 0.189  43.338 
2003 BH91   42.555  45.382  11.9   20030121  360.0  131.8  80.5   2.0 0.032  43.969 
2003 BG91   39.108  47.764  10.7   20030302  320.8   83.3 176.2   2.5 0.100  43.436 
2003 BF91   42.137  43.361  11.7   20030121  360.0  102.3 110.1   1.5 0.014  42.749 
2003 AZ84   32.414  46.600   3.9   20060306  214.7   14.2 252.1  13.6 0.180  39.507 
2002 XP114  30.618  48.426   8.7   20021122  360.0    3.9  79.6  16.2 0.225  39.522 
2002 XV93   34.249  44.278   5.0   20060306  266.3  165.0  19.2  13.3 0.128  39.263 
2002 XJ91   28.895  50.322   8.3   20021122   29.3  336.2  35.8   8.4 0.270  39.609 
2002 XH91   39.941  47.900   5.5   20060306  203.4  183.6  80.5   5.0 0.091  43.921 
2002 XG91   30.647  48.361   7.6   20021122   69.5  265.6  93.8  15.0 0.224  39.504 
2002 XF91   39.580  49.650   6.9   20030101    0.1  336.9 114.8   4.4 0.113  44.615 
2002 XE91   39.446  51.734   6.0   20030101  180.6  353.7 276.9   6.3 0.135  45.590 
2002 XD91   30.962  47.981   7.6   20021122   48.4   97.8 274.9   7.0 0.216  39.471 
2002 VD138  33.477  45.276   7.8   20060306   39.4   36.4 315.2   2.8 0.150  39.377 
2002 VF131  42.030  46.020   6.7   20060306  262.7   21.4 157.2   1.8 0.045  44.025 
2002 VE131  37.400  54.097   6.5   20021102  180.0   10.0 239.8  18.7 0.182  45.749 
2002 VD131  42.192  47.622   6.6   20060306   54.5  240.2  84.4   0.9 0.060  44.907 
2002 VC131  46.323  46.323   6.4   20021102    0.0  304.1  75.1   2.4 0.0    46.323 
2002 VB131  40.991  44.859   6.1   20060306  156.9  138.6  86.7   1.5 0.045  42.925 
2002 VA131  32.012  52.210   6.7   20060306  299.8  255.6 224.5   7.1 0.240  42.111 
2002 VZ130  41.604  50.008   7.3   20021102  360.0   29.7 353.4   8.4 0.092  45.806 
2002 VY130  31.070  47.930   8.4   20021102  360.0  180.9 233.0  27.9 0.213  39.500 
2002 VX130  30.687  47.924   8.4   20060306  357.7  106.3 296.9   1.3 0.219  39.306 
2002 VW130  42.111  49.820   6.9   20021102  360.0   17.5   4.4   1.8 0.084  45.966 
2002 VV130  35.123  49.164   7.5   20060306  326.7  260.6 171.5   2.4 0.167  42.144 
2002 VU130  30.794  47.336   5.6   20060306  257.1  281.2 267.9   1.4 0.212  39.065 
2002 VT130  40.978  43.628   5.7   20060306  108.0  338.1 334.7   1.2 0.031  42.303 
2002 VS130  39.587  50.169   6.3   20060306   46.0   88.1 275.5   3.0 0.118  44.878 
2002 VF130  40.473  50.825   7.1   20060306   49.6  111.6 257.5  19.6 0.113  45.649 
2002 VE130  41.284  47.550   6.3   20060306  201.6  230.4 357.0   3.2 0.071  44.417 
2002 VD130  32.292  62.882   7.1   20060306  348.3   54.7  37.9   3.9 0.321  47.587 
2002 VD95   39.550  47.096   8.6   20021102  360.0  354.7  63.3  20.5 0.087  43.323 
2002 VC95   46.858  46.858   8.0   20021102    0.0  241.3 176.8   2.5 0.0    46.858 
2002 VB95   35.234  43.521   8.9   20021102  360.0  350.7  67.1  12.2 0.105  39.377 
2002 VA95   40.605  48.984   8.3   20021102  360.0  245.7 172.4   2.0 0.094  44.795 
2002 VZ94   41.957  49.528   7.0   20021102  179.7  143.9  92.6   3.1 0.083  45.743 
2002 TM301  27.445  51.331   9.7   20020923   65.8  248.8  40.3   6.5 0.303  39.388 
2002 TL301  41.332  45.262  11.1   20020923  360.0  271.8 118.5   1.6 0.045  43.297 
2002 TJ301  42.215  45.127  10.9   20020923  360.0  280.3 110.0   1.6 0.033  43.671 
2002 TH301  32.234  46.291  10.7   20020923   76.7  212.3  80.6   1.8 0.179  39.263 
2002 TG301  45.562  45.562   9.7   20020923  359.9  316.9  73.4   2.1 0.0    45.562 
2002 TF301  44.719  44.719  10.9   20020923  359.9  332.3  57.9   3.3 0.0    44.719 
2002 TE301  45.237  45.237  10.9   20020923  359.9  189.3 201.0   8.4 0.0    45.237 
2002 TD301  43.372  43.372  10.6   20020923  359.9  285.8 104.3   1.4 0.0    43.372 
2002 TC301  45.778  45.778   9.5   20020923  359.9  264.5 125.7   1.1 0.0    45.778 
2002 TB301  43.208  43.208   9.1   20020923  359.9  302.0  88.4   1.7 0.0    43.208 
2002 TA301  44.174  44.174  10.2   20020923  359.9  324.4  65.9   2.5 0.0    44.174 
2002 TZ300  43.685  43.685   8.7   20020923  359.9  334.7  55.5   3.6 0.0    43.685 
2002 PC171  41.979  47.272   7.6   20060306   45.8  306.2 336.7   3.6 0.059  44.626 
2002 PB171  38.102  49.044   7.3   20060306   55.5  288.2 336.8   5.5 0.126  43.573 
2002 PA171  40.789  47.734   6.8   20060306  194.9   30.0 109.6   2.5 0.078  44.261 
2002 PZ170  42.501  45.478   7.8   20020814    0.0  259.7  68.8   1.3 0.034  43.990 
2002 PY170  41.540  44.350   7.7   20060306   96.1  122.5 110.8   3.0 0.033  42.945 
2002 PX170  40.728  44.448   7.7   20060306   98.2  110.4 119.1   1.6 0.044  42.588 
2002 PW170  41.368  48.265   6.4   20060306  140.3  206.3 339.8   3.9 0.077  44.816 
2002 PV170  41.975  43.177   6.5   20060306  314.1  290.3  88.3   1.3 0.014  42.576 
2002 PU170  37.184  58.058   7.1   20060306  288.9   98.0 329.1   1.9 0.219  47.621 
2002 PT170  39.541  52.767   6.7   20060306  238.7  135.4 328.8   3.7 0.143  46.154 
2002 PS170  41.049  47.873   7.8   20020814    0.0  210.0 116.3   2.3 0.077  44.461 
2002 PR170  45.103  46.334   7.7   20020814    0.0  309.6  16.3   0.9 0.013  45.719 
2002 PE155  43.050  43.050   6.2   20020725  359.9  168.4 143.2  11.4 0.0    43.050 
2002 PD155  43.005  43.234   6.6   20060306  335.2   45.9 322.1   5.8 0.003  43.119 
2002 PP153  45.161  45.161   7.3   20020814    0.0  342.3 327.4   0.9 0.0    45.161 
2002 PO153  44.098  44.098   8.4   20020814    0.0  181.3 128.1   5.8 0.0    44.098 
2002 PN153  44.888  44.888   7.7   20020814    0.0  184.2 124.7   1.6 0.0    44.888 
2002 PM153  38.603  49.284   9.0   20020814    0.0  179.1 130.0  18.3 0.122  43.943 
2002 PL153  43.580  43.580   8.7   20020814    0.0  317.6 351.9   0.5 0.0    43.580 
2002 PK153  41.524  46.186   7.7   20020814    0.0  184.4 124.9   4.2 0.053  43.855 
2002 PJ153  46.413  46.413   8.9   20020814    0.0  169.9 139.1   2.1 0.0    46.413 
2002 PG153  41.284  48.775   9.1   20020814    0.0   28.8 280.9   1.0 0.083  45.029 
2002 PF153  41.365  50.014   9.0   20020814    0.0   14.1 296.0   1.5 0.095  45.690 
2002 PE153  41.234  46.843   6.5   20020814    0.0    7.5 302.4   0.9 0.064  44.039 
2002 PD153  46.582  46.582   8.7   20020814    0.0  169.8 140.1   0.4 0.0    46.582 
2002 PC153  42.615  47.551   7.9   20020814    0.0   11.6 298.5   2.2 0.055  45.083 
2002 PB153  43.883  43.883   9.1   20020814    0.0  172.6 137.3   3.6 0.0    43.883 
2002 PA153  42.591  48.496   8.8   20020814    0.0  170.5 139.4   2.3 0.065  45.544 
2002 PZ152  38.421  49.139   9.1   20020814    0.0  179.9 129.8  33.3 0.122  43.780 
2002 PY152  43.337  43.892   9.4   20020814    0.0  178.6 131.1   5.2 0.006  43.614 
2002 PX152  42.766  46.181   8.7   20020814    0.0  167.7 141.4   1.0 0.038  44.473 
2002 PW152  45.403  45.403   9.0   20020814    0.0  178.3 131.1   7.4 0.0    45.403 
2002 PV152  41.492  46.880   9.5   20020814    0.0  167.4 141.9   0.8 0.061  44.186 
2002 PU152  42.581  46.488   8.6   20020814    0.0  150.4 158.8   1.2 0.044  44.534 
2002 PT152  45.659  45.659   8.3   20020814    0.0  173.3 135.9   5.6 0.0    45.659 
2002 PS152  38.220  48.583   8.9   20020814  179.5  314.4 175.1   0.9 0.119  43.401 
2002 PR152  43.163  43.163   8.7   20020814    0.0   10.4 298.6   2.4 0.0    43.163 
2002 PG150  37.686  49.322   7.7   20020814    0.0  270.6  75.9   5.5 0.134  43.504 
2002 PQ149  36.628  52.049   7.1   20020923    0.2  179.3 159.2  28.8 0.174  44.339 
2002 PP149  37.218  44.468   7.1   20060306   51.2  124.3 159.7  34.8 0.089  40.843 
2002 PO149  40.995  46.870   6.5   20060306  138.3  127.2  71.3   0.7 0.067  43.933 
2002 PN149  42.254  42.254   7.0   20020814    0.1  158.1 171.5   0.8 0.0    42.254 
2002 PK149  37.113  37.113   7.0   20020725    0.0   23.4 306.9   4.8 0.0    37.113 
2002 PJ149  41.905  48.818   5.3   20020725  180.6  193.4 316.4   9.7 0.076  45.361 
2002 PH149  40.479  45.337   6.6   20020725  359.9  212.6 108.5   8.9 0.057  42.908 
2002 PF149  42.892  42.892   6.6   20020725    0.0  218.2 101.1   4.4 0.0    42.892 
2002 PE149  43.046  43.046   6.6   20020725    0.0  282.8  27.1   6.1 0.0    43.046 
2002 PD149  40.102  45.558   6.0   20060306  209.5   41.2 103.5   4.9 0.064  42.830 
2002 PN147  44.443  44.443   6.3   20020725    0.0  292.2  16.2   1.5 0.0    44.443 
2002 PQ145  41.662  45.884   5.6   20060306  196.3  312.5 165.7   3.1 0.048  43.773 
2002 MS4    35.983  47.746   3.8   20060306  202.4  215.9 216.0  17.7 0.140  41.864 
2002 KW14   37.272  56.890   4.6   20060306   36.4  123.6  59.8   9.7 0.208  47.081 
2002 GJ166  31.150  47.391   7.9   20020416    0.0   39.9 150.8   4.9 0.207  39.271 
2002 GH166  32.656  45.975   6.4   20020416    0.0  181.0  10.8   8.6 0.169  39.316 
2002 GG166  28.959  49.857   7.8   20020416    0.0  143.4  46.0   5.2 0.265  39.408 
2002 GB33   45.545  45.545   7.8   20020327    0.0    7.0 147.7   3.7 0.0    45.545 
2002 GA33   43.019  43.019   8.6   20020327    0.0  170.5 344.2   1.0 0.0    43.019 
2002 GY32   35.921  43.551   6.8   20060306   15.6  336.5 225.6   1.8 0.096  39.736 
2002 GW32   32.770  37.621   6.9   20060306  192.8  121.7 276.7   6.4 0.069  35.195 
2002 GV32   31.938  47.614   7.2   20060306  348.6  172.6  79.1   5.4 0.197  39.776 
2002 GU32   36.267  42.808   6.9   20020506    0.1  166.3  56.9  21.9 0.083  39.538 
2002 GT32   32.136  46.620   8.1   20020327  360.0  111.5 108.1   2.3 0.184  39.378 
2002 GS32   37.621  47.387   7.5   20060306   10.2  319.6 260.5   4.3 0.115  42.504 
2002 GR32   28.982  49.684   7.8   20020327    0.2    0.9 207.0   3.4 0.263  39.333 
2002 GQ32   32.388  46.490   7.7   20020327  360.0  177.0  26.8   5.8 0.179  39.439 
2002 GO32   35.943  42.631   7.6   20020327  360.0    5.3 217.0  12.6 0.085  39.287 
2002 GN32   32.042  46.681   6.3   20020506    0.1  183.3  30.8  10.1 0.186  39.362 
2002 GM32   25.883  52.952   9.0   20020327  360.0  348.2 214.5  28.6 0.343  39.417 
2002 GL32   34.507  45.031   7.9   20060306    3.0  192.4  11.1   7.1 0.132  39.769 
2002 GK32   43.078  44.518   6.4   20020327  360.0  110.0 111.4   2.6 0.016  43.798 
2002 GJ32   39.682  49.360   5.5   20060306   67.7  257.5 244.9  11.6 0.109  44.521 
2002 GH32   38.529  45.973   5.8   20060306   95.0  253.7 220.6  26.6 0.088  42.251 
2002 GF32   32.687  46.348   5.7   20060306  109.6   55.2  44.3   2.8 0.173  39.517 
2002 GE32   30.473  48.606   7.0   20060306  285.4  103.3 203.7  15.7 0.229  39.539 
2002 GD32   38.906  50.568   5.6   20060306  162.0   24.9  22.2   6.6 0.130  44.737 
2002 GC32   41.321  45.625   7.3   20020327  360.0  137.4  67.2   2.7 0.050  43.473 
2002 GY31   42.631  44.354   6.5   20020327  360.0  195.2  23.2   0.5 0.020  43.492 
2002 GX31   40.230  46.372   7.0   20020327  360.0  149.3  66.9   2.2 0.071  43.301 
2002 GW31   30.053  48.963   7.0   20060306   85.6  198.9 227.2   2.6 0.239  39.508 
2002 GV31   40.578  45.928   5.3   20020327  360.0  100.3  53.9   2.2 0.062  43.253 
2002 FX36   42.444  46.318   6.2   20060306  136.2   81.7 301.0   1.1 0.044  44.381 
2002 FW36   41.923  44.308   6.6   20060306  321.8  141.8  57.4   2.3 0.028  43.115 
2002 FP7    31.859  47.065   8.5   20020327    0.0  183.3   1.2   8.6 0.193  39.462 
2002 FX6    42.042  48.185   6.9   20020327  181.1  359.7   3.8  24.0 0.068  45.113 
2002 FW6    26.853  52.823   8.2   20020416   73.7  279.3 153.5   3.5 0.326  39.838 
2002 FV6    40.050  54.405   6.8   20060306  142.9   67.0 312.8   3.1 0.152  47.228 
2002 FU6    39.107  53.048   7.3   20060306  299.4  188.6  55.5   2.2 0.151  46.077 
2002 CE251  28.811  50.492   8.4   20060306  346.0  215.1 342.5   9.3 0.273  39.651 
2002 CD251  42.311  43.176   7.3   20060306   67.7   35.1  48.8   1.4 0.010  42.744 
2002 CC251  33.588  45.453   8.0   20020215    0.0  156.5 358.5   5.5 0.150  39.521 
2002 CC249  38.003  56.751   6.7   20060306  344.1  307.1 248.6   0.8 0.198  47.377 
2002 CY248  39.534  52.953   5.1   20060306  218.4  337.7 300.7   7.0 0.145  46.243 
2002 CB225  40.394  48.221   6.8   20060306  314.3  116.0 100.6   3.8 0.088  44.307 
2002 CA225  40.249  51.179   7.2   20020215    0.0  170.8 336.2   4.8 0.120  45.714 
2002 CZ224  42.509  47.721   6.6   20060306  174.0  257.5  66.6   1.7 0.058  45.115 
2002 CX224  39.817  52.251   6.0   20060306  256.4  135.8  42.3  16.9 0.135  46.034 
2002 CW224  29.651  48.818   6.9   20060306  291.7  155.9   1.8   5.7 0.244  39.235 
2002 CZ154  40.852  46.553   7.4   20060306  353.9   26.5 152.9  10.1 0.065  43.702 
2002 CY154  41.361  47.626   6.5   20060306  184.5  224.6 120.7   1.0 0.070  44.494 
2002 CW154  42.921  49.551   6.4   20020126  179.1  355.8 346.4  26.9 0.072  46.236 
2002 CV154  42.363  48.968   6.1   20020215  178.6  190.9 149.2  15.3 0.072  45.665 
2002 CU154  40.823  47.086   6.6   20060306  337.8   58.4 108.9   3.4 0.071  43.954 
2002 CT154  41.586  52.579   7.2   20060306   18.7  347.4 159.5   3.5 0.117  47.082 
2002 CS154  41.106  45.643   7.2   20060306  306.9  136.8  86.9   1.2 0.052  43.374 
2002 CR154  42.627  42.627   7.0   20020215    0.1   49.7 106.9   4.6 0.0    42.627 
2002 CQ154  43.161  43.161   6.4   20020215    0.1   16.0 139.4   3.3 0.0    43.161 
2002 CP154  43.413  43.413   6.0   20020215    0.1   65.4  70.2   1.5 0.0    43.413 
2002 CO154  42.724  42.724   6.5   20020215    0.1    4.2 131.3   3.2 0.0    42.724 
2001 YJ140  27.884  50.847   7.3   20060306  356.6  129.6 319.5   6.0 0.292  39.366 
2001 YH140  36.401  48.367   5.5   20060306    7.1  356.2 108.9  11.1 0.141  42.384 
2001 XJ255  41.093  47.768   8.3   20011217    0.0  184.4 279.9   9.6 0.075  44.430 
2001 XG255  40.967  46.863   8.3   20011217    0.0  195.5 269.9   2.4 0.067  43.915 
2001 XF255  43.986  43.986   7.7   20011217    0.1  355.2 110.1   1.4 0.0    43.986 
2001 XE255  43.497  43.497   7.9   20011217    0.1  358.5 106.8  10.3 0.0    43.497 
2001 XD255  26.053  52.955   5.5   20020106   77.5  242.9 106.6  19.7 0.340  39.504 
2001 XC255  41.668  45.942   7.4   20020106    0.1  353.0 112.5   2.3 0.049  43.805 
2001 XB255  43.168  46.266   6.8   20011217    0.0   36.9  68.6   2.2 0.035  44.717 
2001 XX254  42.949  44.627   7.5   20060306  287.3  101.1  85.7   1.8 0.019  43.788 
2001 XW254  42.331  42.331   7.7   20011217    0.1    8.7  92.3   5.9 0.0    42.331 
2001 XV254  45.658  45.658   7.0   20020106    0.1  350.6 114.0   5.9 0.0    45.658 
2001 XU254  39.475  47.702   6.3   20060306  292.9   74.3 114.7   6.5 0.094  43.589 
2001 XS254  35.298  39.194   7.7   20060306    9.2    8.4  94.7   4.3 0.052  37.246 
2001 XR254  41.627  44.346   5.6   20060306  208.0   79.6 180.0   1.2 0.032  42.987 
2001 XP254  33.021  51.483   7.7   20060306  348.1  181.7 305.0   2.6 0.218  42.252 
2001 VN71   29.726  48.939   9.1   20060306  357.5    1.7  70.4  18.7 0.244  39.333 
2001 UQ18   41.379  46.786   5.4   20060306  114.4  295.5   2.0   5.2 0.061  44.083 
2001 UP18   43.698  51.442   5.9   20060306  135.2  136.5 105.2   1.2 0.081  47.570 
2001 UN18   40.641  47.507   6.6   20060306  133.1  221.5  23.0   3.6 0.078  44.074 
2001 UC17   33.842  45.358   7.6   20011018    0.0  240.0 143.8   3.0 0.145  39.600 
2001 UB17   36.959  42.313   8.0   20011018    0.0  344.3  40.1   5.0 0.068  39.636 
2001 UA17   39.888  45.942   6.6   20011018    0.0  351.0  33.7   6.0 0.071  42.915 
2001 SE291  39.400  50.964   7.2   20060306  345.6  286.1 106.7   1.6 0.128  45.182 
2001 SD291  41.620  49.983   8.2   20011018    0.3  205.8 162.0   3.2 0.091  45.801 
2001 RL155  38.737  49.653   7.8   20010928    0.1   90.8 279.8   0.9 0.123  44.195 
2001 RZ143  41.259  46.477   6.0   20060306  345.3   32.8   8.3   2.1 0.059  43.868 
2001 RY143  44.150  45.602   7.1   20010928  180.0  196.1 359.6   6.5 0.016  44.876 
2001 RX143  27.512  50.960   6.1   20060306   85.7  239.5  20.6  19.3 0.299  39.236 
2001 RW143  41.523  44.067   6.4   20060306  346.3  262.8 131.4   3.0 0.030  42.795 
2001 RV143  43.085  43.085   6.8   20010928    0.1  266.3 105.2   1.3 0.0    43.085 
2001 RU143  33.297  45.298   5.8   20060306  139.5   18.2 209.2   6.5 0.153  39.297 
2001 QF331  34.989  43.971   7.0   20010908    0.1  190.9 157.0   2.7 0.114  39.480 
2001 QW322  42.785  45.216   7.8   20060306  106.5   77.7 124.7   4.8 0.028  44.000 
2001 QT322  36.187  37.720   6.6   20060306   88.3   43.4 224.1   1.8 0.021  36.953 
2001 QS322  42.269  45.509   5.4   20060306   17.2  347.5 348.4   0.2 0.037  43.889 
2001 QQ322  41.745  45.983   6.3   20060306  285.8  353.0  76.4   4.0 0.048  43.864 
2001 QJ298  42.328  45.701   5.9   20060306  232.7  300.3 162.7   2.2 0.038  44.014 
2001 QH298  35.006  43.494   7.7   20060306   52.2  167.7 129.5   6.7 0.108  39.250 
2001 QG298  31.750  46.638   6.7   20060306  353.0  209.2 162.6   6.5 0.190  39.194 
2001 QF298  34.799  43.736   4.7   20060306  139.5   41.6 164.2  22.4 0.114  39.268 
2001 QE298  36.976  50.110   6.8   20060306  343.0    9.8   7.7   3.7 0.151  43.543 
2001 QD298  40.134  45.047   5.6   20060306   54.1  195.9  70.6   5.0 0.058  42.590 
2001 QC298  40.548  51.777   6.1   20060306    5.1    2.9 334.8  30.6 0.122  46.163 
2001 QB298  38.447  46.662   6.3   20060306   33.1    0.1 291.6   1.8 0.097  42.554 
2001 QA298  37.513  54.859   6.6   20060306  342.6  227.3 117.1  23.6 0.188  46.186 
2001 QZ297  41.335  47.240   6.7   20060306   37.9  256.2  15.8   1.9 0.067  44.287 
2001 QY297  40.076  47.633   5.4   20060306   70.2  125.4 108.7   1.5 0.086  43.855 
2001 QX297  42.975  45.153   6.2   20060306  304.8  111.2 279.5   0.9 0.025  44.064 
2001 QV297  43.976  43.976   6.3   20010819    0.0  234.2  91.6   2.4 0.0    43.976 
2001 QU297  43.706  43.706   6.0   20010819    0.0  210.3 115.3   3.4 0.0    43.706 
2001 QS297  43.797  43.797   5.4   20010819    0.0   13.9 309.8   5.2 0.0    43.797 
2001 QR297  43.306  45.340   6.2   20060306  322.0  220.8 148.0   5.2 0.023  44.323 
2001 QQ297  40.428  48.053   6.7   20060306   61.2  207.3  80.6   4.4 0.086  44.240 
2001 QP297  39.568  50.605   6.5   20060306   69.6  162.4 111.8   1.4 0.122  45.086 
2001 QO297  41.167  44.375   5.8   20060306  252.6  321.6 143.3   1.1 0.038  42.771 
2001 PK47   37.180  41.972   6.4   20060306  318.7  170.8 247.9   8.7 0.061  39.576 
2001 OG109  42.931  44.080   8.2   20060306  332.2    8.2 332.6   0.5 0.013  43.505 
2001 OZ108  40.869  45.768   8.4   20060306  107.4   67.3 130.3   2.1 0.057  43.319 
2001 OY108  41.505  50.597   7.4   20010710  179.6    5.1  58.2   6.8 0.099  46.051 
2001 OU108  46.754  46.754   6.5   20010730    0.1  359.5 320.1  27.5 0.0    46.754 
2001 OS108  46.453  46.453   6.8   20010730    0.1   32.2 274.6   1.5 0.0    46.453 
2001 OR108  41.198  50.126   7.9   20010710  360.0  226.8  91.3   2.6 0.098  45.662 
2001 OQ108  45.528  46.125   6.5   20060306   84.0    5.4 131.1   2.3 0.007  45.826 
2001 OO108  41.149  48.604   7.8   20010710  359.9  298.5  20.5   1.3 0.083  44.876 
2001 ON108  43.704  43.704   7.6   20010819    0.1  104.7 201.4   1.2 0.0    43.704 
2001 OM108  44.342  47.766   8.0   20010908  183.3  357.4 126.7  12.2 0.037  46.054 
2001 OL108  40.662  50.453   8.4   20010908    0.1  190.1 115.3   2.7 0.107  45.557 
2001 OK108  41.371  44.520   7.4   20060306   64.8  127.4 114.8   2.0 0.037  42.946 
2001 OJ108  40.811  49.009   7.8   20010710  360.0  185.7 118.5   9.1 0.091  44.910 
2001 KQ77   33.451  45.994   7.0   20060306  313.1   62.9 248.5  15.6 0.158  39.723 
2001 KO77   37.530  50.817   7.6   20060306  350.0   14.8 245.6  20.7 0.150  44.174 
2001 KE77   37.084  54.369   7.2   20060306   35.4  326.6 240.2  20.9 0.189  45.726 
2001 KD77   35.028  44.504   5.8   20060306   22.8   89.7 139.1   2.3 0.119  39.766 
2001 KB77   28.394  51.430   7.5   20060306  334.1   52.3 223.0  17.5 0.289  39.912 
2001 KA77   43.384  51.906   5.3   20060306  262.6  121.7 239.1  11.9 0.089  47.645 
2001 KY76   30.231  48.769   6.1   20060306  293.3  261.9  90.1   4.0 0.235  39.500 
2001 KW76   36.198  56.409   7.3   20060306  321.9  240.3  61.8  10.4 0.218  46.304 
2001 KU76   37.711  52.983   6.7   20060306  343.0  204.2  45.0  10.6 0.168  45.347 
2001 KT76   41.249  49.627   7.0   20060306   43.9  347.7 184.4   1.7 0.092  45.438 
2001 KS76   39.607  47.657   7.5   20010531    0.0   58.7 158.6   2.8 0.092  43.632 
2001 KQ76   41.577  44.107   6.8   20010531    0.0  165.2  48.0   6.1 0.030  42.842 
2001 KO76   39.173  48.658   6.7   20060306  258.1  295.2  44.2   2.1 0.108  43.915 
2001 KN76   39.880  48.165   6.4   20060306  334.8  284.0 326.8   2.6 0.094  44.022 
2001 KM76   41.505  48.236   7.1   20010531    0.0  121.2 127.3   1.4 0.075  44.871 
2001 KL76   40.527  48.895   6.4   20060306  217.1  140.9 255.4   1.3 0.094  44.711 
2001 KH76   40.777  51.924   6.6   20060306  298.8   66.9 261.6   3.2 0.120  46.351 
2001 KF76   43.753  45.536   7.1   20060306  289.0  271.1  50.9   3.2 0.020  44.644 
2001 HY65   38.106  48.806   6.4   20060306   37.0  317.2 188.2  17.1 0.123  43.456 
2001 HA59   44.817  44.817   6.5   20010421    0.0   66.5 150.4   1.0 0.0    44.817 
2001 HZ58   41.471  44.527   6.1   20060306  100.8   29.2  88.6   2.9 0.036  42.999 
2001 FL194  32.507  46.705   7.7   20060306   12.3  172.2   2.1  13.7 0.179  39.606 
2001 FL193  40.635  48.201   9.1   20010312  359.9  112.1  71.4   1.0 0.085  44.418 
2001 FK193  41.290  47.403   6.9   20060306   58.4   57.5  90.0   3.5 0.069  44.346 
2001 FJ193  36.179  42.516   9.3   20010312  359.9   55.4 128.1   1.1 0.081  39.348 
2001 FH193  40.638  48.728   9.1   20010312  360.0    5.8 177.7   8.6 0.091  44.683 
2001 FG193  41.450  51.553   8.5   20010312  360.0  158.6  24.9   3.3 0.109  46.502 
2001 FF193  44.732  44.732   7.7   20010312    0.0   13.4 170.0   1.9 0.0    44.732 
2001 FE193  40.722  53.419   7.2   20060306   44.9  338.6 154.8   2.8 0.135  47.071 
2001 FD193  44.789  44.789   8.1   20010312    0.0    7.9 176.0  12.5 0.0    44.789 
2001 FC193  46.499  46.499   8.6   20010312    0.0   30.6 153.1   2.8 0.0    46.499 
2001 FV185  34.442  44.317   7.7   20010421    0.1  171.6  13.1  24.2 0.125  39.379 
2001 FU185  34.857  43.865   9.0   20010421    0.1  351.9 192.3  24.6 0.114  39.361 
2001 FT185  42.295  52.695   7.8   20060306   33.9  147.8  16.8  19.5 0.109  47.495 
2001 FS185  41.427  45.074   7.7   20010421    0.1  109.6  97.4   4.6 0.042  43.251 
2001 FR185  31.954  47.053   8.0   20060306  325.1  333.8 287.6   5.6 0.191  39.503 
2001 FQ185  36.750  59.424   6.9   20060306  356.0   68.9 135.2   3.2 0.236  48.087 
2001 FO185  40.973  52.680   6.8   20060306   19.8  335.2 205.8  10.6 0.125  46.827 
2001 FN185  39.433  46.174   7.3   20060306  352.8   10.8 203.3  21.7 0.079  42.804 
2001 FL185  40.841  47.877   7.0   20060306   17.7   70.5  75.6   3.6 0.079  44.359 
2001 FK185  41.588  45.557   7.5   20060306  344.5  166.2  56.8   1.2 0.046  43.572 
2001 FC185  38.563  47.329   8.1   20010312  359.9    4.7 150.1  20.0 0.102  42.946 
2001 FB185  39.418  46.934  10.4   20010312  359.9   26.3 127.9   4.3 0.087  43.176 
2001 FU172  28.842  50.521   8.3   20060306   29.4  135.1  32.4  24.7 0.273  39.681 
2001 ES24   41.918  47.173   7.9   20060306  139.0  270.3 111.6   4.0 0.059  44.546 
2001 DV108  33.864  58.744   8.2   20060306  316.3  253.3 338.5   4.7 0.269  46.304 
2001 DU108  42.835  47.228   8.5   20010220  360.0  170.5  75.7   3.3 0.049  45.032 
2001 DT108  32.063  46.942   9.5   20010220  360.0  337.7 176.0   1.9 0.188  39.502 
2001 DS108  45.869  45.869   8.0   20010220    0.0  347.3 166.4   3.0 0.0    45.869 
2001 DQ108  45.419  45.419   8.6   20010220    0.0  181.7 331.8   2.9 0.0    45.419 
2001 DP108  27.355  51.562  10.0   20010220  311.8  121.3 113.4   1.3 0.307  39.459 
2001 DO108  42.950  42.950   8.4   20010220    0.0    5.0 148.7   2.6 0.0    42.950 
2001 DN108  45.463  45.463   7.8   20010220    0.0  176.3 337.1   8.3 0.0    45.463 
2001 DM108  45.437  45.437   7.3   20010220    0.0    2.3 151.2   2.9 0.0    45.437 
2001 DS106  42.571  42.571   8.3   20010220    0.0  357.2 156.2   6.3 0.0    42.571 
2001 DR106  44.465  44.465   8.3   20010220    0.0    1.5 151.6   1.5 0.0    44.465 
2001 DD106  39.967  48.578   6.9   20060306   33.2    4.5 123.5   1.8 0.097  44.273 
2001 DC106  40.383  46.861   6.3   20010220    0.0   38.7 121.6   1.9 0.074  43.622 
2001 DB106  42.041  44.586   6.4   20060306  163.4  231.1 130.0   3.8 0.029  43.314 
2001 CZ31   39.878  50.942   5.7   20060306  327.1   45.7 136.2  10.2 0.122  45.410 
2000 YY142  40.451  49.348   7.3   20001222  360.0   13.8 122.0   2.4 0.099  44.900 
2000 YQ142  28.335  50.685   7.6   20001222  307.9   90.6  33.6  23.8 0.283  39.510 
2000 YB29   27.174  51.616   7.9   20001222   50.3  356.7 283.7   7.7 0.310  39.395 
2000 YH2    27.412  50.905   7.8   20060306  348.1  233.0 219.5  12.9 0.300  39.159 
2000 YG2    39.173  46.472   7.7   20001202  359.9  181.8 235.9  24.7 0.085  42.823 
2000 YF2    41.987  48.881   7.0   20060306  250.6   98.9  81.2   2.0 0.076  45.434 
2000 YE2    38.152  56.113   8.3   20060306  335.4  236.3 224.7   3.8 0.191  47.132 
2000 YD2    38.501  47.372   7.9   20001202  359.9  349.7  65.3  21.5 0.103  42.937 
2000 YB2    37.496  39.767   6.8   20060306   86.9  198.7 135.6   3.8 0.029  38.632 
2000 YA2    41.176  46.759   6.9   20060306  100.6  165.6 147.0   1.9 0.063  43.968 
2000 YZ1    38.719  49.886   7.9   20060306  305.6   34.2  95.7   5.5 0.126  44.302 
2000 YX1    42.260  48.597   6.9   20060306   21.7  332.3  65.1   4.6 0.070  45.429 
2000 YW1    42.920  42.920   7.0   20001202    0.0  327.7  87.2   1.2 0.0    42.920 
2000 YV1    41.987  45.425   7.1   20060306  215.8   17.3 190.1   0.8 0.039  43.706 
2000 YU1    39.194  47.742   7.1   20060306  268.5  316.5 207.9   6.1 0.098  43.468 
2000 WO183  41.173  46.150   7.7   20060306   39.9  266.7 120.5   2.4 0.057  43.662 
2000 WN183  42.164  46.032   7.0   20001222  114.8  208.3  96.5   4.1 0.044  44.098 
2000 WM183  39.391  50.311   7.3   20060306  211.2  143.0  81.2   7.5 0.122  44.851 
2000 WL183  39.811  46.465   7.3   20060306  239.5  104.0  93.6   4.3 0.077  43.138 
2000 WK183  42.310  46.202   6.5   20060306  313.5  295.7 185.8   2.0 0.044  44.256 
2000 WT169  44.241  45.305   6.1   20060306  107.6  215.1 110.5   1.7 0.012  44.773 
2000 WX12   37.751  49.793   7.6   20001202    0.0  345.8  70.5  11.8 0.138  43.772 
2000 WW12   39.211  49.961   7.7   20060306   12.6  246.0 162.4   2.5 0.121  44.586 
2000 WV12   41.460  45.216   7.1   20060306  165.4  140.0 115.9   2.2 0.043  43.338 
2000 SY370  41.618  45.805   7.9   20060306  110.1  285.3 270.2   1.8 0.048  43.712 
2000 SX370  45.043  45.043   8.2   20000913    0.0    3.3 300.8  18.4 0.0    45.043 
2000 SW370  40.061  47.549   8.5   20000913  360.0  183.6 134.1   5.6 0.085  43.805 
2000 ST331  37.531  46.531   8.7   20060306  358.0  326.7 102.6   3.4 0.107  42.031 
2000 SP331  38.567  47.458   8.1   20000913  360.0  293.7 125.7   2.9 0.103  43.013 
2000 SO331  40.100  46.224   8.3   20000913  360.0  247.7 172.7   2.3 0.071  43.162 
2000 SL331  41.831  41.831   8.2   20000913    0.0  273.1 146.2   2.6 0.0    41.831 
2000 SK331  38.865  51.147   7.9   20060306  269.7   66.9 105.4   2.8 0.136  45.006 
2000 SJ331  41.422  41.422   8.3   20000913    0.0  304.8 113.6   2.5 0.0    41.422 
2000 SH331  44.756  44.756   7.7   20000913    0.0  296.0 122.3   2.9 0.0    44.756 
2000 SG331  44.158  44.158   7.8   20000913    0.0  294.5 125.9   2.4 0.0    44.158 
2000 SF331  44.020  44.020   7.4   20001023    0.1  327.7  91.7   4.1 0.0    44.020 
2000 SE331  43.525  43.525   7.9   20000913    0.0  202.9 216.5   5.2 0.0    43.525 
2000 SD331  43.688  43.688   7.5   20000913    0.0  294.3 124.8   2.6 0.0    43.688 
2000 SC331  46.480  46.480   7.9   20000913  359.7  196.9 223.1   8.8 0.0    46.480 
2000 SB331  46.379  46.379   7.7   20000913    0.0  336.7  82.1   6.3 0.0    46.379 
2000 QO252  38.883  52.228   7.0   20000804    0.0    9.1 327.5  13.1 0.146  45.556 
2000 QN252  36.507  36.507   7.7   20000804    0.0   54.8 263.8   1.5 0.0    36.507 
2000 QL252  37.402  41.916   7.2   20000804    0.0  173.2 162.0  25.3 0.057  39.659 
2000 QK252  36.274  54.020   6.3   20000804  180.0  347.5 141.4   7.8 0.197  45.147 
2000 QJ252  37.900  48.574   7.6   20000804    0.0  351.7 344.3  11.6 0.123  43.237 
2000 QN251  36.943  47.025   7.3   20060306    2.3  318.7  42.5   0.3 0.120  41.984 
2000 QM251  32.738  56.346   7.0   20060306   33.8  313.1 355.6  15.7 0.265  44.542 
2000 QL251  37.382  57.778   6.3   20060306   24.1   98.4 223.2   3.7 0.214  47.580 
2000 QA243  43.270  43.270   7.1   20000824    0.0  116.2 234.7   1.6 0.0    43.270 
2000 QL226  30.887  47.666   8.4   20000824   67.2   78.4 168.8   2.2 0.214  39.277 
2000 QJ226  34.908  43.879   8.1   20000824   65.8  106.6 153.5   9.5 0.114  39.394 
2000 QH226  33.106  46.140   9.1   20000824  360.0  346.2 352.3   2.5 0.164  39.623 
2000 QG226  34.466  44.348   7.7   20000824   84.0  107.4 132.4   2.0 0.125  39.407 
2000 QF226  46.499  46.499   8.3   20000824    0.0  296.9  41.0   2.3 0.0    46.499 
2000 QE226  41.209  46.608   6.1   20060306  214.0   15.8 118.5   1.2 0.061  43.908 
2000 QD226  41.171  41.171   7.3   20000824    0.0    3.8 334.7   2.2 0.0    41.171 
2000 QC226  41.727  46.258   6.6   20060306   38.4  203.4  99.7   2.7 0.051  43.993 
2000 QB226  45.644  45.644   6.6   20000824    0.0  331.7   6.0   3.5 0.0    45.644 
2000 PR30   39.168  45.485   8.1   20000804    0.0  347.8 315.9   0.7 0.075  42.327 
2000 PQ30   41.639  41.639   8.3   20000804    0.0  280.3  39.1   0.8 0.0    41.639 
2000 PN30   40.002  49.586   8.1   20060306   30.9  271.3  15.7   1.5 0.107  44.794 
2000 PM30   41.315  46.621   7.9   20060306  124.3   64.5 129.8   2.3 0.060  43.968 
2000 PL30   31.765  52.262   7.5   20060306  238.4  139.4 326.0   5.9 0.244  42.013 
2000 PG30   40.472  49.768   7.7   20060306  253.7  297.3 130.2   4.6 0.103  45.120 
2000 PD30   45.349  47.599   6.9   20060306   49.6  300.8 330.6   4.6 0.024  46.474 
2000 PC30   41.626  44.423   7.6   20060306  120.4  128.7  71.7   1.3 0.032  43.025 
2000 PB30   42.498  42.498   8.1   20000804    0.0  185.7 131.0   7.9 0.0    42.498 
2000 PA30   40.395  53.679   8.0   20060306   55.2  289.8 324.8   0.4 0.141  47.037 
2000 PZ29   44.900  44.900   7.5   20000804    0.0  358.9 319.1  13.8 0.0    44.900 
2000 PY29   41.652  46.691   7.2   20060306  160.8  117.1  44.9   0.8 0.057  44.171 
2000 PX29   40.170  44.971   7.6   20060306  273.6  270.5 135.3   6.4 0.056  42.570 
2000 PW29   41.431  46.959   8.3   20060306   71.4   86.3 148.0   1.8 0.063  44.195 
2000 PU29   41.719  43.177   8.1   20060306  333.9  111.5 227.1   0.7 0.017  42.448 
2000 OU69   41.080  45.326   6.3   20060306    1.6  227.9  77.2   4.4 0.049  43.203 
2000 OP67   35.322  51.967   7.7   20060306   52.1   77.4 182.5   0.8 0.191  43.644 
2000 ON67   41.475  44.282   6.0   20060306  171.2  113.5  57.8   3.1 0.033  42.878 
2000 OL67   40.037  49.936   6.6   20060306   57.6  311.5 322.7   2.0 0.110  44.986 
2000 OK67   40.056  52.740   6.0   20060306  341.3  358.6   4.3   4.9 0.137  46.398 
2000 OJ67   41.826  43.690   6.0   20060306   84.0  144.6  96.7   1.1 0.022  42.758 
2000 OH67   43.229  45.000   6.3   20060306   53.6  192.3  77.8   5.6 0.020  44.115 
2000 OB51   36.502  39.113   7.9   20060306  353.6  204.8 126.9   4.5 0.035  37.808 
2000 KL4    36.512  41.067   7.7   20060306  241.9  225.5 147.9  21.3 0.059  38.789 
2000 KK4    38.175  44.784   6.0   20060306  150.8  306.5 145.9  19.1 0.080  41.480 
2000 JH81   46.230  46.230   8.8   20000426    0.0    0.2 223.1  10.8 0.0    46.230 
2000 JG81   34.153  61.536   9.1   20060306   10.4  169.6  45.9  23.4 0.286  47.845 
2000 JF81   41.753  51.083   7.2   20060306  296.6  124.7 179.8   1.7 0.100  46.418 
2000 GP183  36.898  43.268   6.6   20060306  339.9  216.2  23.3   4.9 0.079  40.083 
2000 GM147  31.996  47.168   7.9   20000406  293.0  173.8  96.1  18.1 0.192  39.582 
2000 GL147  31.390  47.277   8.9   20000317  299.5  262.2  25.5  12.9 0.202  39.334 
2000 GK147  31.262  47.543   9.1   20000406  316.2  244.0   1.7   7.2 0.207  39.402 
2000 GF147  40.284  43.878   8.2   20000406    0.0  179.6  27.1   4.6 0.043  42.081 
2000 GE147  30.298  49.210   8.4   20060306    4.0   49.3 154.7   5.0 0.238  39.754 
2000 GZ146  43.878  43.878   7.8   20000317    0.0  357.4 215.7   2.0 0.0    43.878 
2000 GY146  43.642  44.915   7.9   20060306  167.4   15.3  13.5   2.7 0.014  44.278 
2000 GX146  43.998  44.844   7.8   20060306  138.5   72.4 344.8   0.7 0.010  44.421 
2000 GW146  41.205  41.205   8.1   20000317    0.0  180.0   8.9  29.0 0.0    41.205 
2000 GV146  41.160  47.532   7.6   20060306   38.8   68.6  99.9   3.7 0.072  44.346 
2000 FY53   29.114  49.485   8.9   20000317  297.9  269.5  28.7  18.4 0.259  39.299 
2000 FX53   37.935  49.849   8.2   20060306  344.1   33.6 175.1   4.7 0.136  43.892 
2000 FW53   40.276  54.123   7.2   20000317  179.1  337.0  50.3   6.7 0.147  47.200 
2000 FV53   32.798  46.171   8.2   20060306   14.1  351.1 207.5  17.3 0.169  39.485 
2000 FU53   39.198  45.587   8.5   20000406   12.1  160.8  32.0   5.3 0.075  42.392 
2000 FT53   38.208  52.744   8.1   20060306  318.3  243.1  35.3  12.0 0.160  45.476 
2000 FS53   41.672  45.053   7.7   20060306   46.0  139.3  26.0   2.1 0.039  43.363 
2000 FR53   40.935  48.674   7.7   20060306   72.3   92.9  39.4   2.5 0.086  44.805 
2000 FH8    42.562  44.996   7.3   20060306  153.8   29.1   8.8   2.1 0.028  43.779 
2000 FG8    41.777  47.161   7.8   20060306  286.8  113.5 159.6   1.1 0.061  44.469 
2000 FF8    40.923  49.953   7.6   20060306  277.7  107.7 178.3   4.5 0.099  45.438 
2000 FC8    41.635  46.795   8.0   20060306  196.4   24.4 332.7   0.7 0.058  44.215 
2000 FB8    28.160  51.063   8.3   20060306  285.1  299.1   1.7   4.6 0.289  39.611 
2000 FA8    42.617  45.845   7.5   20060306  335.0    6.3 212.9   0.8 0.036  44.231 
2000 CQ114  41.163  51.432   6.6   20060306   77.2   34.4  38.3   2.7 0.111  46.298 
2000 CP114  32.936  46.017   8.0   20000226   87.0  260.1 127.0  31.0 0.166  39.476 
2000 CO114  43.317  48.969   6.9   20000226  180.1  352.0 333.2  32.5 0.061  46.143 
2000 CN114  42.347  45.790   7.2   20060306   97.3  321.2  82.5   1.6 0.039  44.068 
2000 CY105  41.375  49.690   6.6   20000206  180.1  175.8 132.8  10.0 0.091  45.533 
2000 CS105  38.302  51.125   7.3   20000206  360.0  141.3  19.0   5.0 0.143  44.713 
2000 CO105  40.289  53.904   5.4   20060306  108.1   55.7 307.3  19.3 0.145  47.097 
2000 CN105  40.513  48.913   5.0   20060306  106.2   10.7  29.0   3.4 0.094  44.713 
2000 CL105  41.263  45.045   6.4   20060306  191.5  197.3 113.7   4.2 0.044  43.154 
2000 CK105  30.412  48.586   6.2   20060306  178.0  352.0 326.5   8.1 0.230  39.499 
2000 CJ105  39.895  48.843   5.9   20060306  139.3  227.8 154.2  11.6 0.101  44.369 
2000 CG105  44.758  48.166   6.5   20060306   95.0   87.3 314.1  28.0 0.037  46.462 
2000 CF105  42.276  45.624   6.9   20060306   12.7   58.4  56.8   0.5 0.038  43.950 
2000 CE105  41.412  46.407   6.8   20060306    8.4   30.3  76.7   0.5 0.057  43.909 
2000 CQ104  28.243  45.346   8.0   20060306   78.6   71.3 341.8  13.5 0.232  36.794 
2000 CP104  39.997  48.944   6.7   20060306  250.5  145.2 130.6   9.5 0.101  44.470 
2000 CN104  42.927  42.927   6.9   20000206    0.0    0.3 150.5  31.5 0.0    42.927 
2000 CM104  42.585  42.585   7.5   20000206    0.0    1.7 149.0   0.9 0.0    42.585 
2000 CL104  41.203  48.031   6.2   20060306   57.7  312.1 140.9   1.2 0.077  44.617 
2000 AF255  36.140  61.432   5.8   20060306  269.0  198.1  23.8  30.9 0.259  48.786 
2000 AE255  41.302  46.801   8.3   19991228    0.0   56.6  43.8  35.9 0.062  44.051 
2000 AD255  40.387  43.961   8.9   19991228    0.0  320.4 113.6  33.0 0.042  42.174 
2000 AC255  39.331  54.283   8.9   19991228  181.1  141.4 111.0  34.8 0.160  46.807 
2000 AB255  38.783  47.385   8.9   19991228    0.0  279.0 159.0  20.4 0.100  43.084 
1999 XY143  39.469  46.360   6.1   20060306  102.6   78.2 255.5   7.2 0.080  42.915 
1999 TR11   29.751  48.818   8.4   20060306   16.8  347.1  54.7  17.2 0.243  39.285 
1999 SA28   31.977  46.491   7.3   19990830  359.9   73.9 262.7  11.1 0.185  39.234 
1999 RK257  40.962  45.431   8.3   19990830  360.0  144.9 190.6  17.9 0.052  43.196 
1999 RC216  40.820  47.985   7.3   19991009  180.1  344.3 190.5   0.6 0.081  44.403 
1999 RB216  33.626  61.006   7.3   20060306  350.9  208.9 175.7  12.7 0.289  47.316 
1999 RA216  42.124  45.398   7.2   20060306   82.4   82.2 192.0   0.8 0.037  43.761 
1999 RX215  40.217  53.504   7.5   20060306   36.4  185.3  99.2   0.9 0.142  46.861 
1999 RW215  30.609  41.799   8.0   20060306  319.2  189.2 252.9  10.6 0.155  36.204 
1999 RV215  36.446  52.377   8.4   20060306    8.8   23.7 351.9  22.0 0.179  44.412 
1999 RU215  39.992  45.740   7.3   20060306   36.3  327.7  14.3   7.8 0.067  42.866 
1999 RT215  43.089  43.089   7.1   19991009    0.0  179.8 192.9  21.9 0.0    43.089 
1999 RR215  39.581  48.233   8.1   20060306   41.1  145.9 186.0   1.2 0.099  43.907 
1999 RN215  39.700  46.320   6.7   20060306  128.2  100.9 140.7  12.4 0.077  43.010 
1999 RK215  33.657  44.856   7.6   20060306  133.9   94.4 137.6  11.5 0.143  39.256 
1999 RH215  37.090  49.883   8.1   20060306   13.2   56.9 276.7  10.2 0.147  43.486 
1999 RG215  43.139  49.437   7.4   20060306  304.9  114.6 292.4   0.2 0.068  46.288 
1999 RF215  43.964  43.964   7.4   19991009    0.0    0.2 327.6   3.7 0.0    43.964 
1999 RE215  40.183  49.472   6.7   20060306   63.0  113.2 149.3   1.4 0.104  44.828 
1999 RC215  41.631  46.074   6.9   20060306  292.8  259.0 189.1   1.4 0.051  43.853 
1999 RB215  31.370  63.330   9.4   20060306   13.8  347.4   5.0   7.9 0.337  47.350 
1999 RY214  37.060  52.779   7.4   20060306  347.6   71.0 327.4  13.7 0.175  44.920 
1999 RX214  38.033  53.793   6.8   20060306   85.2  264.5   3.8   4.8 0.172  45.913 
1999 RW214  41.572  43.883   7.3   20060306  105.2  261.1   0.4   1.4 0.027  42.727 
1999 RV214  41.438  48.626   7.9   19990919  180.1  357.8 144.6   1.1 0.080  45.032 
1999 RT214  40.560  44.347   7.8   20060306  343.4  207.6 138.1   2.6 0.045  42.454 
1999 RS214  42.964  42.964   7.9   19990919    0.0  178.8 139.5   3.2 0.0    42.964 
1999 ON4    40.882  44.331   7.5   20060306    6.7  184.1 133.1   3.2 0.040  42.606 
1999 OM4    40.498  51.562   7.1   20060306   64.4  133.0 113.8   2.1 0.120  46.030 
1999 OK4    36.347  50.216   7.6   20060306  105.4   66.3 122.4  30.0 0.160  43.282 
1999 OJ4    37.094  38.926   6.8   20060306  266.8  293.4 127.5   4.0 0.024  38.010 
1999 OH4    38.798  42.143   8.3   20060306   31.1  155.5 124.2  28.2 0.041  40.471 
1999 OG4    40.586  53.384   7.7   20060306   92.3  102.2 111.3   1.4 0.136  46.985 
1999 OE4    43.279  47.296   7.0   20060306  343.3  211.9 130.9   2.2 0.044  45.287 
1999 OD4    37.573  45.233   7.3   20060306  229.6  148.4 301.5  14.4 0.093  41.403 
1999 OC4    37.672  53.268   8.3   20060306   49.8  202.7  55.4   1.2 0.171  45.470 
1999 OA4    41.278  47.332   7.9   20060306  123.3   57.6 137.0   3.1 0.068  44.305 
1999 OZ3    38.599  49.587   7.4   20060306  284.3  276.9 137.8   2.5 0.125  44.093 
1999 LB37   31.888  47.110   9.6   19990522  291.6  218.7 119.8  14.9 0.193  39.499 
1999 KR18   34.487  52.691   7.9   20060306  174.5  213.6 283.9   0.6 0.209  43.589 
1999 KL17   44.877  47.598   8.7   19990611  180.1  180.3 307.2   2.9 0.029  46.238 
1999 KK17   45.543  45.543   8.8   19990502    0.0    2.1 210.5   4.0 0.0    45.543 
1999 KT16   46.417  46.417   8.8   19990502    0.0  358.3 213.9   8.7 0.0    46.417 
1999 JK132  32.827  45.853   9.2   19990502   77.1   84.1  32.6  16.0 0.166  39.340 
1999 JJ132  41.132  50.456   8.8   19990502  179.9  182.1 210.5   3.4 0.102  45.794 
1999 JH132  42.008  42.008   9.6   19990502    0.0    5.3 207.0   0.7 0.0    42.008 
1999 JF132  44.464  44.464   7.9   19990502    0.0  182.8  30.0   1.9 0.0    44.464 
1999 JE132  31.761  47.120   8.6   19990502   67.9  269.5 213.2  25.0 0.195  39.440 
1999 JD132  42.586  44.257   7.7   20060306    9.6  180.5  30.9  10.4 0.019  43.422 
1999 JC132  29.902  49.159   8.7   19990502  284.7  280.2  35.8   5.7 0.244  39.531 
1999 JB132  28.668  50.405   8.2   19990502  296.4   95.5 211.9  13.1 0.275  39.537 
1999 JA132  44.539  44.539   7.7   19990502    0.0  181.6   0.8   6.9 0.0    44.539 
1999 HJ12   41.484  45.133   7.4   20060306  251.7  218.3 122.5   4.5 0.042  43.309 
1999 HH12   43.048  44.673   7.0   20060306  262.3   57.6 255.9   1.3 0.019  43.860 
1999 HG12   37.063  50.767   7.2   20060306  294.0  265.8  30.6   1.0 0.156  43.915 
1999 HA12   40.571  45.708   7.8   19990502    0.1   96.0 107.1   3.6 0.060  43.140 
1999 HZ11   39.047  45.717   8.4   19990412  360.0   20.0 170.1  10.1 0.079  42.382 
1999 HY11   39.637  44.679   8.3   19990412  360.0  151.9  35.9   6.2 0.060  42.158 
1999 HV11   42.306  44.122   7.8   20060306  122.7  287.8 160.8   3.2 0.021  43.214 
1999 HS11   43.366  45.461   6.6   20060306  315.6  153.6 105.7   2.6 0.024  44.413 
1999 HR11   42.162  45.764   7.2   20060306  349.0  128.2  83.4   3.3 0.041  43.963 
1999 GS46   41.127  48.512   6.9   20060306   79.5  100.7  24.3   5.2 0.082  44.820 
1999 DR8    40.397  50.643   9.3   19990211  180.2  340.8 339.0   8.2 0.113  45.520 
1999 DQ8    45.318  45.318   9.1   19990211    0.0   10.2 130.3  14.2 0.0    45.318 
1999 DO8    41.791  41.791  10.0   19990211    0.0  130.0  10.1   3.4 0.0    41.791 
1999 DN8    44.338  44.338   9.8   19990211    0.0   61.7  78.4   2.9 0.0    44.338 
1999 DM8    42.882  42.882   9.7   19990211    0.0   40.9  99.3   3.9 0.0    42.882 
1999 DL8    42.517  42.517   9.6   19990303    0.0   25.9 114.5   5.8 0.0    42.517 
1999 DH8    40.847  47.784   8.7   20060306  311.4   99.9 105.1   4.5 0.078  44.316 
1999 DF8    44.162  44.162   9.9   19990211    0.0  108.5  31.4   2.5 0.0    44.162 
1999 DE8    45.604  45.604   9.6   19990211    0.0   44.2  95.7   3.5 0.0    45.604 
1999 DD8    30.323  48.487  11.1   19990211   67.1   59.8 346.5   5.5 0.230  39.405 
1999 DC8    45.884  45.884  10.0   19990211    0.0   31.4 108.7   4.8 0.0    45.884 
1999 DB8    38.191  46.831  10.0   19990303    0.1    6.8 133.8  22.3 0.102  42.511 
1999 DA8    26.401  52.232  12.4   19990211   12.5  338.3 137.0  40.0 0.329  39.316 
1999 DZ7    28.876  49.948   8.8   19990211  180.7  348.4 330.7  14.3 0.267  39.412 
1999 DA     40.406  46.520   7.9   20060306  212.0  245.7  54.1   2.8 0.070  43.463 
1999 CM158  28.486  50.978   7.8   20060306   19.5  165.6 339.0   9.3 0.283  39.732 
1999 CK158  37.993  43.883   8.2   20060306   47.3  316.9 127.7  17.1 0.072  40.938 
1999 CD158  37.437  50.073   5.1   20060306  235.9  143.7 119.0  25.5 0.144  43.755 
1999 CH154  42.746  43.567   7.7   20060306   72.8  261.4 164.8   0.8 0.010  43.156 
1999 CG154  39.335  46.963   7.4   20060306  231.3  172.6 100.2   0.8 0.088  43.149 
1999 CU153  41.320  47.260   7.2   20060306   56.7  296.9 139.3   2.7 0.067  44.290 
1999 CT153  40.940  49.281   8.1   19990211  360.0  357.7 163.1   4.5 0.092  45.111 
1999 CS153  39.029  50.233   8.1   20060306  300.8  223.3 343.4   1.0 0.126  44.631 
1999 CR153  40.906  45.332   8.2   19990211  360.0  201.3 324.5   1.4 0.051  43.119 
1999 CQ153  44.330  44.330   7.6   19990211    0.0  336.1 181.2   0.2 0.0    44.330 
1999 CP153  38.076  52.191   7.7   20060306  109.5  246.4 122.8   3.0 0.156  45.133 
1999 CO153  39.981  47.660   7.4   20060306   46.1  160.0 278.1   0.8 0.088  43.821 
1999 CN153  41.911  43.273   7.7   19990303  180.1  179.4 153.0   7.5 0.016  42.592 
1999 CM153  39.482  52.386   7.4   20060306   47.8    4.1  92.5   0.2 0.140  45.934 
1999 CR133  42.250  42.250   8.1   19990211    0.0  348.0 135.1   1.7 0.0    42.250 
1999 CQ133  37.426  45.350   7.0   20060306  240.4  135.7 123.3  13.3 0.096  41.388 
1999 CA132  39.660  48.272   7.4   19990303    0.1    0.5 154.9  12.1 0.098  43.966 
1999 CZ131  42.968  45.852   8.1   19990211  360.0  359.9 151.8   2.4 0.032  44.410 
1999 CY131  37.995  49.851   8.1   19990211  360.0    0.1 148.2  25.2 0.135  43.923 
1999 CX131  32.434  52.398   7.0   20060306  288.3  109.5 128.0   9.8 0.235  42.416 
1999 CW131  43.393  43.861   7.9   20060306  147.1  220.7 174.6   7.9 0.005  43.627 
1999 CN119  42.082  45.681   7.9   20060306  254.7  261.0 347.2   1.0 0.041  43.882 
1999 CM119  38.718  50.114   7.9   20060306   68.3  295.6 118.5   2.7 0.128  44.416 
1999 CL119  46.482  47.543   5.9   20060306  306.7   63.8 125.2  23.3 0.011  47.013 
1999 CK119  42.082  42.082   7.9   19990211    0.0    3.0 123.1  11.6 0.0    42.082 
1999 CJ119  42.303  48.646   7.4   20060306  353.8  189.2 313.4   3.2 0.070  45.474 
1999 CH119  39.847  46.956   7.3   20060306  203.1  169.2 122.4  20.0 0.082  43.401 
1999 CG119  34.996  64.713   7.6   20060306  320.8  256.0 304.3  16.7 0.298  49.855 
1999 CE119  28.761  50.574   8.7   20060306  351.3   34.7 171.5   1.5 0.275  39.667 
1999 CD119  42.825  45.161   7.3   19990303  180.1  183.9 166.4   2.4 0.027  43.993 
1999 CC119  41.651  48.413   7.2   20060306  292.4   61.3 190.5   0.5 0.075  45.032 
1999 CB119  40.904  53.572   7.0   20060306   12.2  352.4 168.1   8.7 0.134  47.238 
1999 CA119  45.153  45.153   7.7   19990323  181.8  319.9  24.9   0.3 0.0    45.153 
1999 CX118  42.472  44.852   7.1   19990303  180.1  175.7 175.7   1.8 0.027  43.662 
1999 CW118  43.455  43.455   7.8   19990323  198.7  173.5 154.5   0.8 0.0    43.455 
1998 WZ31   32.892  45.884   8.1   20060306   20.4  352.5  50.6  14.6 0.165  39.388 
1998 WY31   39.718  50.554   6.6   20060306  283.6  108.5  63.7   2.0 0.120  45.136 
1998 WX31   40.574  50.061   6.6   20060306  358.1   43.4  37.6   3.0 0.105  45.318 
1998 WW31   40.591  48.408   6.1   20060306  126.7   49.6 237.1   6.8 0.088  44.500 
1998 WV31   28.544  49.683   7.7   20060306   52.3  273.2  58.5   5.7 0.270  39.114 
1998 WT31   37.551  54.134   7.1   20060306  341.0   42.2  41.6  28.7 0.181  45.842 
1998 WS31   31.465  46.959   8.2   20060306    6.7   28.5  16.0   6.8 0.198  39.212 
1998 WZ24   32.388  46.581   8.1   19981213    0.1  356.0  80.3   4.5 0.180  39.485 
1998 WY24   41.398  44.844   6.7   20060306  327.2   18.2 102.6   1.9 0.040  43.121 
1998 WX24   41.213  45.121   6.5   20060306  187.4  174.6  60.8   0.9 0.045  43.167 
1998 WV24   37.616  39.966   7.4   20060306   70.1  157.9 183.7   1.5 0.030  38.791 
1998 WG24   39.724  51.303   6.6   20060306  329.8   36.6  88.3   2.2 0.127  45.513 
1998 UU43   31.628  41.051   7.0   20060306  271.7  280.4 231.3   9.6 0.130  36.340 
1998 UR43   30.761  47.879   8.1   20060306  347.0   19.3  53.9   8.8 0.218  39.320 
1998 KG66   45.201  45.201   8.9   19980507    0.0  358.4 199.7   3.5 0.0    45.201 
1998 KF66   31.138  47.879   9.8   19980507  359.9  182.3  16.3   6.2 0.212  39.508 
1998 KE66   42.063  42.063   9.0   19980507    0.0  178.6  19.3   2.8 0.0    42.063 
1998 KD66   40.896  45.267   8.9   19980507  360.0  357.1 200.6   5.1 0.051  43.082 
1998 KS65   42.251  45.274   7.7   20060306   16.7  193.0 102.6   1.2 0.035  43.762 
1998 KG62   41.249  45.529   6.6   20060306  220.9  118.6 336.7   0.8 0.049  43.389 
1998 KY61   42.282  46.371   7.3   20060306  188.1    2.0 122.9   2.1 0.046  44.326 
1998 HR151  39.934  51.079   8.6   19980527    0.1  359.7 194.7   6.6 0.122  45.506 
1998 HQ151  28.208  51.233   8.8   20060306   19.0  346.4 228.8  11.9 0.290  39.721 
1998 HO151  37.967  45.260   8.2   20060306  210.2  223.7 123.4  16.7 0.088  41.613 
1998 HN151  36.367  39.981   8.7   20060306  212.2  303.8  37.4  24.9 0.047  38.174 
1998 HL151  37.198  44.832   8.1   20060306   49.3  134.7  16.3  27.9 0.093  41.015 
1998 HH151  31.973  47.375   8.4   20060306  348.6   33.1 194.8   8.8 0.194  39.674 
1998 FS144  41.210  42.804   6.7   20060306   88.1  218.3 229.0   9.8 0.019  42.007 
1997 UG25   43.307  43.307   8.5   19971019    0.0    5.4  59.9   0.6 0.0    43.307 
1997 UF25   44.891  44.891   9.0   19971019    0.0  186.0 239.4   1.2 0.0    44.891 
1997 TX8    31.986  46.637   8.5   19970929    0.3  117.4 239.9   9.0 0.186  39.312 
1997 SZ10   30.472  64.804   8.6   20060306   18.9  341.3   9.5  11.8 0.360  47.638 
1997 RL13   44.516  44.516   9.5   19970820    0.0   51.7 312.5   5.7 0.0    44.516 
1997 RX9    39.106  43.829   8.3   20060306  115.4   69.8 163.9  30.0 0.057  41.468 
1997 RY6    41.360  41.360   7.5   19970929    2.2   37.9 318.5  12.4 0.0    41.360 
1997 RT5    39.998  42.334   7.3   20060306  176.3   14.5 163.8  12.8 0.028  41.166 
1997 QH4    39.261  45.840   7.1   20060306  305.4   73.8 355.7  13.2 0.077  42.551 
1997 GA45   39.894  47.883   8.0   19970402  360.0    0.3 177.1   8.3 0.091  43.889 
1997 CW29   36.271  42.480   6.5   19970221  179.7  188.5 110.7  19.0 0.079  39.375 
1997 CV29   40.228  44.514   7.4   20060306  355.2   34.4 121.2   8.0 0.051  42.371 
1997 CT29   42.579  45.203   6.6   20060306  231.0  201.1  74.8   1.0 0.030  43.891 
1996 TC68   38.934  45.007   6.2   19961004  360.0   17.3 342.2  21.8 0.072  41.970 
1996 TS66   38.304  49.134   6.4   20060306  346.9  141.4 285.9   7.3 0.124  43.719 
1996 TK66   41.754  43.340   6.2   20060306  123.6  206.7  44.5   3.3 0.019  42.547 
1996 RR20   32.403  46.459   6.7   20060306  127.8   48.1 163.6   5.3 0.178  39.431 
1996 RQ20   39.437  47.923   7.0   20060306   13.0  358.2  11.6  31.7 0.097  43.680 
1996 KY1    35.712  43.322   8.0   19960517    0.0    6.0 248.6  30.9 0.096  39.517 
1996 KX1    35.704  43.381   8.5   19960517  360.0   17.9 197.5   1.5 0.097  39.543 
1996 KV1    40.204  50.622   7.3   20060306  345.7  193.0  92.6   8.1 0.115  45.413 
1995 YY3    30.719  47.734   8.5   20060306   16.0  322.0  99.7   0.4 0.217  39.226 
1995 WY2    40.417  52.408   7.2   20060306  275.7  110.1  78.8   1.6 0.129  46.412 
1995 KK1    31.981  46.969   8.5   19950523   21.7  328.4 228.1   9.3 0.190  39.475 
1995 KJ1    43.468  43.468   6.5   19950612    0.0  180.6  47.8   2.7 0.0    43.468 
1995 HM5    29.598  50.140   8.3   20060306  338.8   59.4 186.6   4.8 0.258  39.869 
1995 GY7    41.347  41.347   7.5   19950324    0.0  203.5  34.5   0.9 0.0    41.347 
1995 GA7    34.751  44.160   7.5   19950324   63.9  100.2  21.0   3.5 0.119  39.455 
1995 GJ     39.006  46.808   7.0   19950324  360.0  180.3 338.9  22.9 0.091  42.907 
1995 FB21   42.426  42.426   7.5   19950324    0.0  209.6  28.4   0.7 0.0    42.426 
1995 DC2    41.548  47.126   7.2   20060306  263.7  115.2 154.2   2.3 0.063  44.337 
1995 DB2    40.198  53.028   7.6   20060306    9.9    3.6 128.6   4.1 0.138  46.613 
1994 TG2    42.448  42.448   7.0   19941015    0.0  358.7 353.3   2.2 0.0    42.448 
1994 TH     40.940  40.940   7.0   19940925    0.0  356.6  12.1  16.1 0.0    40.940 
1994 TG     42.254  42.254   7.0   19940925    0.0  353.0  15.5   6.8 0.0    42.254 
1994 EV3    41.625  44.708   7.2   20060306  180.1   13.0  19.5   1.7 0.036  43.167 
1994 ES2    40.711  51.492   7.5   20060306  293.0   97.6 154.7   1.1 0.117  46.101 
1993 RP     34.863  43.795   9.0   19930910  360.0  180.6 192.1   2.6 0.114  39.329 
1993 RO     31.462  46.628   8.4   20060306   12.8  188.0 170.4   3.7 0.194  39.045 
1993 FW     41.642  46.428   7.0   20060306  338.9   40.5 187.9   7.7 0.054  44.035 
2004 TY364  36.127  41.288   4.5   20060306  249.6    1.2 140.5  24.9 0.067  38.708 
2004 SB60   37.339  46.501   4.4   20060306  107.8  308.8 280.0  23.9 0.109  41.920 
2004 EW95   26.990  52.458   7.0   20060306  342.9  204.1  25.8  29.2 0.321  39.724 
2003 UR292  26.762  37.675   7.0   20060306  347.4  248.4 146.5   2.7 0.169  32.219 
2003 OP32   38.557  47.809   4.1   20060306   57.9   68.5 182.9  27.2 0.107  43.183 
2003 FY128  37.085  62.596   5.0   20060306   18.0  175.4 341.7  11.8 0.256  49.840 
2002 WC19   35.218  60.242   5.1   20060306  304.4   45.1 109.7   9.2 0.262  47.730 
2002 PA149  35.833  51.180   6.1   20060306   73.1  152.3 105.6   4.0 0.176  43.506 
2002 KX14   37.402  40.598   4.4   20060306  250.6   67.7 286.8   0.4 0.041  39.000 
2001 UO18   28.229  50.696   7.1   20060306  327.6   48.1  36.4   3.7 0.285  39.462 
2001 KP77   36.015  51.941   7.0   20060306    5.6  217.9  21.9   3.3 0.181  43.978 
2001 KN77   29.876  48.836   7.0   20060306  303.9  279.2  45.3   2.4 0.241  39.356 
2001 KP76   35.534  52.009   6.6   20060306  284.3  302.5  42.7   7.2 0.188  43.772 
2001 KJ76   40.405  47.418   6.8   20060306  300.6  267.9  47.6   6.7 0.080  43.911 
2000 OY51   33.567  53.705   8.2   20060306  314.8   81.9 285.0  11.2 0.231  43.636 
1999 HC12   34.817  56.476   7.6   20060306   50.4   96.7  57.0  15.3 0.237  45.647 
1999 HT11   38.913  49.216   7.4   20060306  312.3  185.8  88.0   5.0 0.117  44.064 
1996 TQ66   34.600  43.904   7.1   20060306   10.6   19.5  10.8  14.7 0.119  39.252 
1998 US43   34.046  44.206   7.9   20060306   46.1  140.0 223.9  10.6 0.130  39.126 
1998 HK151  30.377  48.928   7.6   20060306   10.5  180.9  50.2   5.9 0.234  39.652 
2004 GV9    38.755  45.748   4.0   20060306   21.0  293.9 250.7  22.0 0.083  42.252 
2004 DW     30.722  48.050   2.3   20060306  160.6   72.7 268.7  20.6 0.220  39.386 
2001 QT297  42.680  45.250   5.5   20060306  144.4  238.4 304.7   2.6 0.029  43.965 
2001 KK76   41.926  43.474   6.3   20060306  313.4  215.3  87.0   1.9 0.018  42.700 
2001 KE76   42.068  44.383   6.7   20060306   80.3   47.8 113.0   0.5 0.027  43.226 
1999 RY215  34.558  55.697   7.1   20060306  334.9   50.8 326.6  22.2 0.234  45.128 
1999 OY3    36.303  51.452   6.8   20060306   49.3  304.6 301.8  24.2 0.173  43.878 
1998 KR65   42.208  44.784   6.8   20060306  239.5  334.1 101.9   1.2 0.030  43.496 
1998 HP151  40.334  48.194   7.4   20060306  305.5  247.5  56.0   1.5 0.089  44.264 
2003 VS2    36.431  42.146   4.2   20060306    2.2  113.2 302.7  14.8 0.073  39.289 
2002 VR128  28.921  49.624   5.7   20060306   59.2  287.6  23.1  14.0 0.264  39.272 
2001 FM185  36.411  41.157   6.8   20060306  275.3  109.6 150.7   5.4 0.061  38.784 
2000 CM105  39.577  45.020   6.3   20060306   81.7    8.0  45.8   3.8 0.064  42.299 
1999 DF9    39.795  53.564   6.1   20060306    6.8  178.2 334.9   9.8 0.147  46.679 
1999 CP133  32.051  38.131   7.5   20060306   31.6  160.0 334.2   3.2 0.087  35.091 
1997 CS29   43.317  44.569   5.1   20060306  310.7  231.6 304.4   2.2 0.014  43.943 
2002 XW93   28.081  46.763   5.5   20060306  125.0  247.1  46.9  14.4 0.250  37.422 
2000 PK30   33.807  43.443   7.3   20060306   49.8  126.3 127.4  33.8 0.125  38.625 
1998 WU31   31.917  46.276   8.0   20060306   32.2  141.3 237.2   6.6 0.184  39.096 
1998 WA25   41.529  43.184   7.2   20060306   74.2  206.5 136.4   1.0 0.020  42.357 
1998 WW24   30.561  48.025   7.5   20060306   29.0  146.1 234.0  14.0 0.222  39.293 
1999 RZ253  39.808  47.634   5.9   20060306   46.9  195.4  84.8   0.6 0.089  43.721 
1999 OF4    41.905  47.923   6.9   20060306   94.3   87.7 134.4   2.7 0.067  44.914 
2000 FD8    34.291  53.779   6.6   20060306  311.7   79.6 184.8  19.5 0.221  44.035 
2000 CH105  40.690  48.462   6.3   20060306  290.2  288.2 320.1   1.2 0.087  44.576 
1999 CL158  32.902  50.240   6.9   20060306   31.7  329.0 120.1  10.0 0.209  41.571 
1997 CQ29   39.945  50.900   6.6   20060306   45.4  338.9 132.6   2.9 0.121  45.423 
2002 VE95   27.976  50.331   5.3   20060306    6.5  207.0 199.9  16.4 0.285  39.154 
2002 UX25   36.479  48.573   3.6   20060306  281.1  278.8 204.6  19.5 0.142  42.526 
2002 TX300  37.802  48.374   3.3   20060306   61.5  338.6 324.6  25.9 0.123  43.088 
2002 AW197  41.159  53.581   3.3   20060306  281.8  294.5 297.5  24.4 0.131  47.370 
1999 HU11   41.559  47.205   6.6   20060306  292.6  235.6  51.5   0.4 0.064  44.382 
1998 HM151  41.931  47.366   7.9   20060306  307.0  243.4  64.0   0.5 0.061  44.649 
2002 LM60   42.002  45.094   2.6   20060306  280.7  149.7 188.8   8.0 0.035  43.548 
1999 RA215  38.629  47.526   7.3   20060306  292.8  270.2 132.3  22.5 0.103  43.078 
2000 GN171  28.293  51.159   6.0   20060306  354.6  194.9  26.1  10.8 0.288  39.726 
1999 TC36   30.566  47.918   4.9   20060306  346.6  295.0  97.1   8.4 0.221  39.242 
2000 PV29   42.827  44.045   8.0   20060306   79.5   58.2 173.3   1.2 0.014  43.436 
1999 KR16   34.013  64.470   5.8   20060306  335.4   58.0 205.6  24.8 0.309  49.241 
2000 EB173  28.548  50.992   4.7   20060306  347.5   67.4 169.3  15.5 0.282  39.770 
1999 HX11   33.222  45.199   6.7   20060306   82.7   82.3  10.0  12.7 0.153  39.210 
1998 SN165  36.181  39.348   5.8   20060306  267.0  269.1 192.1   4.6 0.042  37.764 
1998 VG44   29.346  48.949   6.5   20060306  348.3  324.7 128.0   3.0 0.250  39.148 
1997 CU29   41.846  45.189   6.6   20060306  231.5  264.7 350.4   1.5 0.038  43.517 
1995 QY9    29.207  49.777   7.5   20060306  359.8   25.0 342.1   4.8 0.260  39.492 
2001 KX76   30.067  49.180   3.2   20060306  266.9  299.1  71.0  19.6 0.241  39.623 
1998 SM165  29.909  64.983   5.8   20060306   34.7  130.4 183.2  13.5 0.370  47.446 
1998 HJ151  41.270  45.930   7.5   20060306   53.5  131.5  50.4   2.4 0.053  43.600 
1997 QJ4    30.425  47.970   7.5   20060306  322.6   82.6 346.9  16.6 0.224  39.198 
1995 SM55   37.368  45.932   4.8   20060306  314.0   72.7  21.1  27.1 0.103  41.650 
1996 TR66   28.652  66.713   7.5   20060306   42.9  308.7 343.1  12.4 0.399  47.683 
1995 QZ9    33.638  44.922   7.9   20060306   45.7  141.8 188.1  19.6 0.144  39.280 
2000 WR106  40.740  45.168   3.7   20060306   96.2  267.2  97.3  17.2 0.052  42.954 
1998 WH24   40.929  50.269   4.9   20060306  325.1   59.1  50.0  12.1 0.102  45.599 
1996 TO66   37.904  48.418   4.5   20060306  124.0  239.5 355.3  27.5 0.122  43.161 
1996 SZ4    29.363  49.414   8.2   20060306  352.6   30.3  16.0   4.7 0.255  39.388 
1994 VK8    41.184  44.208   7.0   20060306  248.7  118.5  72.4   1.5 0.035  42.696 
1994 JQ1    42.016  46.743   6.9   20060306  318.0  245.4  25.6   3.7 0.053  44.379 
1997 CR29   37.215  57.078   7.2   20060306   55.8  302.0 127.2  19.1 0.211  47.146 
1996 TP66   26.360  52.042   6.8   20060306    8.6   75.2 316.8   5.7 0.328  39.201 
1995 DA2    33.768  39.278   8.1   20060306   37.8  337.3 127.5   6.6 0.075  36.523 
1994 TB     26.951  51.605   7.1   20060306  341.0   99.2 317.4  12.1 0.314  39.278 
1994 JR1    34.741  44.381   7.7   20060306   14.6  102.0 144.7   3.8 0.122  39.561 
1994 JS     33.110  51.763   7.8   20060306  338.1  236.4  56.3  14.0 0.220  42.437 
1994 GV9    41.259  46.817   7.4   20060306   55.6  310.7 176.7   0.6 0.063  44.038 
1993 SC     32.102  46.631   6.9   20060306   52.1  315.9 354.7   5.2 0.185  39.367 
1993 SB     26.719  51.572   7.7   20060306  335.2   79.5 354.9   1.9 0.317  39.146 
1992 QB1    40.868  46.613   7.2   20060306   15.7    1.6 359.4   2.2 0.066  43.740 
